ODOMETRY -1 -1 -1
ODOMETRY -1 -1 -1
ODOMETRY -1 -1 -1
ODOMETRY -1 -1 -1
ODOMETRY -1 -1 -1
ODOMETRY -1 -1 -1
ODOMETRY -1 -1 -1
ODOMETRY -1 -1 -1
ODOMETRY -1 -1 -1
ODOMETRY -1 -1 -1
ODOMETRY -1 -1 -1
ODOMETRY -1 -1 -1
ODOMETRY -1 -1 -1
ODOMETRY -1 -1 -1
ODOMETRY -1 -1 -1
ODOMETRY -1 -1 -1
ODOMETRY -1 -1 -1
ODOMETRY -1 -1 -1
ODOMETRY -1 -1 -1
ODOMETRY -1 -1 -1
ODOMETRY -1 -1 -1
ODOMETRY -1 -1 -1
ODOMETRY -1 -1 -1
ODOMETRY -1 -1 -1
ODOMETRY -1 -1 -1
ODOMETRY -1 -1 -1
ODOMETRY -1 -1 -1
ODOMETRY -1 -1 -1
ODOMETRY -1 -1 -1
ODOMETRY -1 -1 -1
ODOMETRY -1 -1 -1
ODOMETRY -1 -1 -1
ODOMETRY -1 -1 -1
ODOMETRY -1 -1 -1
ODOMETRY -1 -1 -1
ODOMETRY -1 -1 -1
ODOMETRY -1 -1 -1
ODOMETRY -1 -1 -1
ODOMETRY -1 -1 -1
ODOMETRY -1 -1 -1
ODOMETRY -1 -1 -1
ODOMETRY -1 -1 -1
ODOMETRY -1 -1 -1
ODOMETRY -1 -1 -1
ODOMETRY -1 -1 -1
ODOMETRY -1 -1 -1
ODOMETRY -1 -1 -1
ODOMETRY -1 -1 -1
ODOMETRY -1 -1 -1
ODOMETRY -1 -1 -1
ODOMETRY -1 -1 -1
ODOMETRY -1 -1 -1
ODOMETRY -1 -1 -1
ODOMETRY -1 -1 -1
ODOMETRY -1 -1 -1
ODOMETRY -1 -1 -1
ODOMETRY -1 -1 -1
ODOMETRY -1 -1 -1
ODOMETRY -1 -1 -1
ODOMETRY -1 -1 -1
ODOMETRY -1 -1 -1
ODOMETRY -1 -1 -1
ODOMETRY -1 -1 -1
ODOMETRY -1 -1 -1
ODOMETRY -1 -1 -1
ODOMETRY -1 -1 -1
ODOMETRY -1 -1 -1
ODOMETRY -1 -1 -1
ODOMETRY -1 -1 -1
ODOMETRY -1 -1 -1
ODOMETRY -1 -1 -1
ODOMETRY -1 -1 -1
ODOMETRY -1 -1 -1
ODOMETRY -1 -1 -1
ODOMETRY -1 -1 -1
ODOMETRY -1 -1 -1
ODOMETRY -1 -1 -1
ODOMETRY -1 -1 -1
ODOMETRY -1 -1 -1
ODOMETRY -1 -1 -1
ODOMETRY -1 -1 -1
ODOMETRY -1 -1 -1
ODOMETRY -1 -1 -1
ODOMETRY -1 -1 -1
ODOMETRY -1 -1 -1
ODOMETRY -1 -1 -1
ODOMETRY -1 -1 -1
ODOMETRY -1 -1 -1
ODOMETRY -1 -1 -1
ODOMETRY -1 -1 -1
ODOMETRY -1 -1 -1
ODOMETRY -1 -1 -1
ODOMETRY -1 -1 -1
ODOMETRY -1 -1 -1
ODOMETRY -1 -1 -1
ODOMETRY -1 -1 -1
ODOMETRY -1 -1 -1
ODOMETRY -1 -1 -1
ODOMETRY -1 -1 -1
ODOMETRY -1 -1 -1
ODOMETRY -1 -1 -1
ODOMETRY -1 -1 -1
ODOMETRY -1 -1 -1
ODOMETRY -1 -1 -1
ODOMETRY -1 -1 -1
ODOMETRY -1 -1 -1
ODOMETRY -1 -1 -1
ODOMETRY -1 -1 -1
ODOMETRY -1 -1 -1
ODOMETRY -1 -1 -1
ODOMETRY -1 -1 -1
ODOMETRY -1 -1 -1
ODOMETRY -1 -1 -1
ODOMETRY -1 -1 -1
ODOMETRY -1 -1 -1
ODOMETRY -1 -1 -1
ODOMETRY -1 -1 -1
ODOMETRY -1 -1 -1
ODOMETRY -1 -1 -1
ODOMETRY -1 -1 -1
ODOMETRY -1 -1 -1
ODOMETRY -1 -1 -1
ODOMETRY -1 -1 -1
ODOMETRY -1 -1 -1
ODOMETRY -1 -1 -1
ODOMETRY -1 -1 -1
ODOMETRY -1 -1 -1
ODOMETRY -1 -1 -1
ODOMETRY -1 -1 -1
SENSOR 6 0.740385759174 -0.38914200102
ODOMETRY -1 -1 -1
SENSOR 6 0.72682454044 -0.399026995126
ODOMETRY -1 -1 -1
SENSOR 6 0.73618224416 -0.417734222263
ODOMETRY -1 -1 -1
SENSOR 6 0.72894009524 -0.427241047036
ODOMETRY -1 -1 -1
SENSOR 6 0.732663605544 -0.436964956376
ODOMETRY -1 -1 -1
SENSOR 6 0.725552545861 -0.446558618891
ODOMETRY -1 -1 -1
SENSOR 6 0.73188253918 -0.455802693374
ODOMETRY -1 -1 -1
SENSOR 6 0.722246223914 -0.474874927717
ODOMETRY -1 -1 -1
SENSOR 6 0.724367435119 -0.484480864128
ODOMETRY -1 -1 -1
SENSOR 6 0.718001051229 -0.494340421913
ODOMETRY -1 -1 -1
SENSOR 6 0.721157972892 -0.503485966046
ODOMETRY -1 -1 -1
SENSOR 6 0.723628413415 -0.522442383177
ODOMETRY -1 -1 -1
SENSOR 6 0.707748732836 -0.532547829374
ODOMETRY -1 -1 -1
SENSOR 6 0.71060417265 -0.541720497062
ODOMETRY -1 -1 -1
SENSOR 6 0.711368480138 -0.560948917352
ODOMETRY -1 -1 -1
SENSOR 6 0.707212500556 -0.560760024667
ODOMETRY -1 -1 -1
SENSOR 6 0.707714308609 -0.579837235859
ODOMETRY -1 -1 -1
SENSOR 6 0.700219430686 -0.589663667777
ODOMETRY -1 -1 -1
SENSOR 6 0.69385813931 -0.599515754182
ODOMETRY -1 -1 -1
SENSOR 6 0.695580436867 -0.618737099986
ODOMETRY -1 -1 -1
SENSOR 6 0.693362594106 -0.627792913945
ODOMETRY -1 -1 -1
SENSOR 6 0.694791528515 -0.63732735626
ODOMETRY -1 -1 -1
SENSOR 6 0.687746709211 -0.656991560774
ODOMETRY -1 -1 -1
SENSOR 6 0.689624876546 -0.656364098091
ODOMETRY -1 -1 -1
SENSOR 6 0.687981209567 -0.67535945301
ODOMETRY -1 -1 -1
SENSOR 6 0.687879605934 -0.694281883495
ODOMETRY -1 -1 -1
SENSOR 6 0.677985084752 -0.695131881913
ODOMETRY -1 -1 -1
SENSOR 6 0.679109666559 -0.713960745605
ODOMETRY -1 -1 -1
SENSOR 6 0.682647568378 -0.732420813119
ODOMETRY -1 -1 -1
SENSOR 6 0.679564785219 -0.732529866985
ODOMETRY -1 -1 -1
SENSOR 6 0.67043086622 -0.75217272434
ODOMETRY -1 -1 -1
SENSOR 6 0.670784198937 -0.771191947205
ODOMETRY -1 -1 -1
SENSOR 6 0.670861733826 -0.770944790331
ODOMETRY -1 -1 -1
SENSOR 6 0.669244152684 -0.789899732297
ODOMETRY -1 -1 -1
SENSOR 6 0.661635383807 -0.809048938945
ODOMETRY -1 -1 -1
SENSOR 6 0.657717490224 -0.809628437407
ODOMETRY -1 -1 -1
SENSOR 6 0.665242358221 -0.827564273102
ODOMETRY -1 -1 -1
SENSOR 6 0.659610362465 -0.847041239217
ODOMETRY -1 -1 -1
SENSOR 6 0.659256803618 -0.856681948949
ODOMETRY -1 -1 -1
SENSOR 6 0.655952547318 -0.866181117593
ODOMETRY -1 -1 -1
SENSOR 6 0.647373787296 -0.885815097526
ODOMETRY -1 -1 -1
SENSOR 6 0.65114393653 -0.894465851752
ODOMETRY -1 -1 -1
SENSOR 6 0.657816967975 -0.903141511097
ODOMETRY -1 -1 -1
SENSOR 6 0.643264583456 -0.923671416101
ODOMETRY -1 -1 -1
SENSOR 6 0.651270633993 -0.932204786468
ODOMETRY -1 -1 -1
SENSOR 6 0.646138208293 -0.951384322356
ODOMETRY -1 -1 -1
SENSOR 6 0.639900842663 -0.961259598286
ODOMETRY -1 -1 -1
SENSOR 6 0.631478068291 -0.98107692048
ODOMETRY -1 -1 -1
SENSOR 6 0.634843642679 -0.98966930491
ODOMETRY -1 -1 -1
SENSOR 6 0.638102917927 -0.99867853161
ODOMETRY -1 -1 -1
SENSOR 6 0.634321369557 -1.01780898939
ODOMETRY -1 -1 -1
SENSOR 6 0.631669092502 -1.02727502422
ODOMETRY -1 -1 -1
SENSOR 6 0.636818863539 -1.04508575922
ODOMETRY -1 -1 -1
SENSOR 6 0.623858685287 -1.05633934347
ODOMETRY -1 -1 -1
SENSOR 6 0.621800123396 -1.07526299232
ODOMETRY -1 -1 -1
SENSOR 6 0.628432132788 -1.08310436724
ODOMETRY -1 -1 -1
SENSOR 6 0.628002601637 -1.10210334178
ODOMETRY -1 -1 -1
SENSOR 6 0.628207647315 -1.12039440707
ODOMETRY -1 -1 -1
SENSOR 6 0.623180600209 -1.12992440386
ODOMETRY -1 -1 -1
SENSOR 6 0.62482722185 -1.14868918017
ODOMETRY -1 -1 -1
SENSOR 6 0.623156484267 -1.15735489941
ODOMETRY -1 -1 -1
SENSOR 6 0.622008662647 -1.17640172247
ODOMETRY -1 -1 -1
SENSOR 6 0.618824985776 -1.19524939644
ODOMETRY -1 -1 -1
SENSOR 6 0.621255097814 -1.20374761082
ODOMETRY -1 -1 -1
SENSOR 6 0.617314162426 -1.21297003321
ODOMETRY -1 -1 -1
SENSOR 6 0.612442556392 -1.23270285565
ODOMETRY -1 -1 -1
SENSOR 6 0.61430952525 -1.25088861927
ODOMETRY -1 -1 -1
SENSOR 6 0.611736356231 -1.26007841985
ODOMETRY -1 -1 -1
SENSOR 6 0.618899710049 -1.26755392999
ODOMETRY -1 -1 -1
SENSOR 6 0.615519770655 -1.28690171349
ODOMETRY -1 -1 -1
SENSOR 6 0.610322976078 -1.30593962711
ODOMETRY -1 -1 -1
SENSOR 6 0.618181024675 -1.32288174205
ODOMETRY -1 -1 -1
SENSOR 6 0.610953817828 -1.33268791262
ODOMETRY -1 -1 -1
SENSOR 6 0.603552264005 -1.34303221967
ODOMETRY -1 -1 -1
SENSOR 6 0.610305019881 -1.36025522047
ODOMETRY -1 -1 -1
SENSOR 6 0.611195360431 -1.37827346151
ODOMETRY -1 -1 -1
SENSOR 6 0.606989384799 -1.39737532914
ODOMETRY -1 -1 -1
SENSOR 6 0.610827488592 -1.39574814168
ODOMETRY -1 -1 -1
SENSOR 6 0.605895407427 -1.41490698733
ODOMETRY -1 -1 -1
SENSOR 6 0.610225057081 -1.43212429807
ODOMETRY -1 -1 -1
SENSOR 6 0.606207626417 -1.45115346801
ODOMETRY -1 -1 -1
SENSOR 6 0.605663015331 -1.46901143814
ODOMETRY -1 -1 -1
SENSOR 6 0.607530961329 -1.46844264966
ODOMETRY -1 -1 -1
SENSOR 6 0.599424741534 -1.48725924456
ODOMETRY -1 -1 -1
SENSOR 6 0.602253326183 -1.50477105708
ODOMETRY -1 -1 -1
SENSOR 6 0.601091138528 -1.52340699279
ODOMETRY -1 -1 -1
SENSOR 6 0.611462651301 -1.53969119999
ODOMETRY -1 -1 -1
SENSOR 6 0.604796278168 -1.55815396408
ODOMETRY -1 -1 -1
SENSOR 6 0.607394645141 -1.55734895548
ODOMETRY -1 -1 -1
SENSOR 6 0.599025386187 -1.57696455718
ODOMETRY -1 -1 -1
SENSOR 6 0.606144178949 -1.59330037553
ODOMETRY -1 -1 -1
SENSOR 6 0.615147749536 -1.60904166561
ODOMETRY -1 -1 -1
SENSOR 6 0.610881869449 -1.61820870799
ODOMETRY -1 -1 -1
SENSOR 6 0.609673408741 -1.62757289499
ODOMETRY -1 -1 -1
SENSOR 6 0.600680224924 -1.64692794913
ODOMETRY -1 -1 -1
SENSOR 6 0.60733211018 -1.6630569531
ODOMETRY -1 -1 -1
SENSOR 6 0.601916829675 -1.68231698328
ODOMETRY -1 -1 -1
SENSOR 6 0.613805393879 -1.6973146859
ODOMETRY -1 -1 -1
SENSOR 6 0.608713385848 -1.7063176251
ODOMETRY -1 -1 -1
SENSOR 6 0.608440159511 -1.71548598495
ODOMETRY -1 -1 -1
SENSOR 6 0.613054277315 -1.73224897052
ODOMETRY -1 -1 -1
SENSOR 6 0.604284248587 -1.75100793425
ODOMETRY -1 -1 -1
SENSOR 6 0.611512508383 -1.76754465512
ODOMETRY -1 -1 -1
SENSOR 6 0.609297283905 -1.78464624478
ODOMETRY -1 -1 -1
SENSOR 6 0.614257203807 -1.79256796153
ODOMETRY -1 -1 -1
SENSOR 6 0.607578589436 -1.80228561293
ODOMETRY -1 -1 -1
SENSOR 6 0.606784361836 -1.8196030742
ODOMETRY -1 -1 -1
SENSOR 6 0.614367885824 -1.83585399931
ODOMETRY -1 -1 -1
SENSOR 6 0.614594470604 -1.85262032879
ODOMETRY -1 -1 -1
SENSOR 6 0.624311133433 -1.86853058205
ODOMETRY -1 -1 -1
SENSOR 6 0.619658086418 -1.87773629757
ODOMETRY -1 -1 -1
SENSOR 6 0.618329492787 -1.88640009471
ODOMETRY -1 -1 -1
SENSOR 6 0.621305944357 -1.90266905497
ODOMETRY -1 -1 -1
SENSOR 6 0.611864838274 -1.92162881307
ODOMETRY -1 -1 -1
SENSOR 6 0.613334439864 -1.93877917186
ODOMETRY -1 -1 -1
SENSOR 6 0.619307837392 -1.94597160612
ODOMETRY -1 -1 -1
SENSOR 6 0.614532915619 -1.95488693801
ODOMETRY -1 -1 -1
SENSOR 6 0.616001761094 -1.97199750026
ODOMETRY -1 -1 -1
SENSOR 6 0.618768257516 -1.98889714262
ODOMETRY -1 -1 -1
SENSOR 6 0.621274888443 -2.00498682106
ODOMETRY -1 -1 -1
SENSOR 6 0.628140640295 -2.0211145944
ODOMETRY -1 -1 -1
SENSOR 6 0.63155826048 -2.02902806459
ODOMETRY -1 -1 -1
SENSOR 6 0.634601146718 -2.03675022095
ODOMETRY -1 -1 -1
SENSOR 6 0.624038515991 -2.05506584279
ODOMETRY -1 -1 -1
SENSOR 6 0.635769185252 -2.07061614564
ODOMETRY -1 -1 -1
SENSOR 6 0.627484961019 -2.08873588172
ODOMETRY -1 -1 -1
SENSOR 6 0.641753709258 -2.09455324471
ODOMETRY -1 -1 -1
SENSOR 6 0.636959761365 -2.10367495241
ODOMETRY -1 -1 -1
SENSOR 6 0.646494345881 -2.10233186201
ODOMETRY -1 -1 -1
SENSOR 6 0.640995115755 -2.10274958806
ODOMETRY -1 -1 -1
SENSOR 6 0.635690308265 -2.12097071727
ODOMETRY -1 -1 -1
SENSOR 6 0.64030043493 -2.11980266745
ODOMETRY -1 -1 -1
SENSOR 6 0.641463091187 -2.11920053683
ODOMETRY -1 -1 -1
SENSOR 6 0.640287568358 -2.11955449666
ODOMETRY -1 -1 -1
SENSOR 6 0.646300687193 -2.13635302955
ODOMETRY -1 -1 -1
SENSOR 6 0.646846912797 -2.13590716393
ODOMETRY -1 -1 -1
SENSOR 6 0.645370354408 -2.13588745039
ODOMETRY -1 -1 -1
SENSOR 6 0.647801069298 -2.15239634497
ODOMETRY -1 -1 -1
SENSOR 6 0.645197644768 -2.15240738733
ODOMETRY -1 -1 -1
SENSOR 6 0.654972326649 -2.1514741193
ODOMETRY -1 -1 -1
SENSOR 6 0.653497804251 -2.1599235362
ODOMETRY -1 -1 -1
SENSOR 6 0.664889946819 -2.16673811203
ODOMETRY -1 -1 -1
SENSOR 6 0.664200692213 -2.1670860974
ODOMETRY -1 -1 -1
SENSOR 6 0.671667630741 -2.16594052291
ODOMETRY -1 -1 -1
SENSOR 6 0.670464973121 -2.18320325159
ODOMETRY -1 -1 -1
SENSOR 6 0.67465023347 -2.18194893231
ODOMETRY -1 -1 -1
SENSOR 6 0.668501526705 -2.18277978748
ODOMETRY -1 -1 -1
SENSOR 6 0.679511053024 -2.18968072432
ODOMETRY -1 -1 -1
SENSOR 6 0.675128020774 -2.19897023455
ODOMETRY -1 -1 -1
SENSOR 6 0.681110015433 -2.19803436173
ODOMETRY -1 -1 -1
SENSOR 6 0.676113334006 -2.20680223372
ODOMETRY -1 -1 -1
SENSOR 6 0.687907982499 -2.21437916771
ODOMETRY -1 -1 -1
SENSOR 6 0.686224907644 -2.21416514453
ODOMETRY -1 -1 -1
SENSOR 6 0.692812134098 -2.21340646263
ODOMETRY -1 -1 -1
SENSOR 6 0.693553751426 -2.2216796958
ODOMETRY -1 -1 -1
SENSOR 6 0.700994364393 -2.22921015504
ODOMETRY -1 -1 -1
SENSOR 6 0.697051712293 -2.22924878963
ODOMETRY -1 -1 -1
SENSOR 6 0.6925873673 -2.23812498297
ODOMETRY -1 -1 -1
SENSOR 6 0.702222284462 -2.24559710915
ODOMETRY -1 -1 -1
SENSOR 6 0.704442780596 -2.24530432309
ODOMETRY -1 -1 -1
SENSOR 6 0.710703921917 -2.25290215795
ODOMETRY -1 -1 -1
SENSOR 6 0.711091463065 -2.25310142203
ODOMETRY -1 -1 -1
SENSOR 6 0.705401245506 -2.26168854032
ODOMETRY -1 -1 -1
SENSOR 6 0.712379944778 -2.26095124186
ODOMETRY -1 -1 -1
SENSOR 6 0.717226755966 -2.26898191661
ODOMETRY -1 -1 -1
SENSOR 6 0.713934340448 -2.26916773319
ODOMETRY -1 -1 -1
SENSOR 6 0.724756774105 -2.27665868539
ODOMETRY -1 -1 -1
SENSOR 6 0.726940132286 -2.28440921339
ODOMETRY -1 -1 -1
SENSOR 6 0.73016324315 -2.28411240302
ODOMETRY -1 -1 -1
SENSOR 6 0.72734597415 -2.29311190594
ODOMETRY -1 -1 -1
SENSOR 6 0.73654083105 -2.30024296392
ODOMETRY -1 -1 -1
SENSOR 6 0.735256417104 -2.30050295453
ODOMETRY -1 -1 -1
SENSOR 6 0.736020214098 -2.29979983626
ODOMETRY -1 -1 -1
SENSOR 4 0.748169192817 0.652405250463
SENSOR 6 0.753592561883 -2.3071924918
ODOMETRY -1 -1 -1
SENSOR 4 0.738891285551 0.643636113127
SENSOR 6 0.754371635421 -2.31520320028
ODOMETRY -1 -1 -1
SENSOR 4 0.735648932877 0.653475730569
SENSOR 6 0.752770990516 -2.31526087614
ODOMETRY -1 -1 -1
SENSOR 4 0.73281763432 0.653318251728
SENSOR 6 0.764425444173 -2.32260941917
ODOMETRY -1 -1 -1
SENSOR 4 0.734906362083 0.662721145562
SENSOR 6 0.762033774324 -2.33106755366
ODOMETRY -1 -1 -1
SENSOR 4 0.734532205976 0.662733414867
SENSOR 6 0.767586710372 -2.33054660397
ODOMETRY -1 -1 -1
SENSOR 4 0.724732316203 0.663333251796
SENSOR 6 0.767403095215 -2.33043846707
ODOMETRY -1 -1 -1
SENSOR 4 0.731782773836 0.672272005858
SENSOR 6 0.768942123838 -2.34727861502
ODOMETRY -1 -1 -1
SENSOR 4 0.72614887782 0.67247773493
SENSOR 6 0.771014583961 -2.34653054288
ODOMETRY -1 -1 -1
SENSOR 4 0.716240519039 0.672914071961
SENSOR 6 0.771915034726 -2.34661619135
ODOMETRY -1 -1 -1
SENSOR 4 0.70684022472 0.683551169031
SENSOR 6 0.779471413526 -2.36309830374
ODOMETRY -1 -1 -1
SENSOR 4 0.702837146888 0.692990313323
SENSOR 6 0.781471853524 -2.36276731323
ODOMETRY -1 -1 -1
SENSOR 4 0.706967187193 0.692908439387
SENSOR 6 0.787243572845 -2.36209044854
ODOMETRY -1 -1 -1
SENSOR 4 0.70714543537 0.692737300996
SENSOR 6 0.77980498739 -2.37077136791
ODOMETRY -1 -1 -1
SENSOR 4 0.701874023179 0.69258790339
SENSOR 6 0.793096529585 -2.3780506424
ODOMETRY -1 -1 -1
SENSOR 4 0.694770418302 0.713047081631
SENSOR 6 0.800110549329 -2.37774001588
ODOMETRY -1 -1 -1
SENSOR 4 0.692123980407 0.713205064545
SENSOR 6 0.805791964477 -2.3771466152
ODOMETRY -1 -1 -1
SENSOR 4 0.684366047214 0.713152643372
SENSOR 6 0.808975544137 -2.38538189001
SENSOR 7 0.753189410612 -0.912724443717
ODOMETRY -1 -1 -1
SENSOR 4 0.680379477152 0.713791410515
SENSOR 6 0.806211475643 -2.39389408833
SENSOR 7 0.750058715571 -0.912911242189
ODOMETRY -1 -1 -1
SENSOR 4 0.679709297402 0.732973471327
SENSOR 6 0.812207771864 -2.39354526212
SENSOR 7 0.750368860752 -0.922049994132
ODOMETRY -1 -1 -1
SENSOR 4 0.668989465485 0.733606767078
SENSOR 6 0.81165991329 -2.39315682284
SENSOR 7 0.748451741798 -0.931764983599
ODOMETRY -1 -1 -1
SENSOR 4 0.670250236263 0.73356811373
SENSOR 6 0.820867733316 -2.40074022468
SENSOR 7 0.74697089991 -0.931696985918
ODOMETRY -1 -1 -1
SENSOR 4 0.662335429042 0.733955196917
SENSOR 6 0.821961070907 -2.4093229198
SENSOR 7 0.751496964697 -0.940580401602
ODOMETRY -1 -1 -1
SENSOR 4 0.670188584626 0.743151725906
SENSOR 6 0.825480510811 -2.41747435716
SENSOR 7 0.749448562967 -0.940713572666
ODOMETRY -1 -1 -1
SENSOR 4 0.659914609377 0.753203441766
SENSOR 6 0.828171755295 -2.41695420718
SENSOR 7 0.745705380137 -0.9501924133
ODOMETRY -1 -1 -1
SENSOR 4 0.650695509293 0.754172335319
SENSOR 6 0.840582417671 -2.41626015394
SENSOR 7 0.738579491862 -0.96020068926
ODOMETRY -1 -1 -1
SENSOR 4 0.64340257785 0.754680097865
SENSOR 6 0.837840290602 -2.42473008486
SENSOR 7 0.74017236774 -0.969533801705
ODOMETRY -1 -1 -1
SENSOR 4 0.649732108154 0.763525438443
SENSOR 6 0.841598588009 -2.43277242303
SENSOR 7 0.73032399288 -0.970097371968
ODOMETRY -1 -1 -1
SENSOR 4 0.639365160399 0.774175777007
SENSOR 6 0.83974219417 -2.43290009907
SENSOR 7 0.725498730327 -0.979831547389
ODOMETRY -1 -1 -1
SENSOR 4 0.633837221422 0.774649113422
SENSOR 7 0.728408694637 -0.988929706203
ODOMETRY -1 -1 -1
SENSOR 4 0.636021092098 0.783899334726
SENSOR 7 0.720097340033 -0.98976697707
ODOMETRY -1 -1 -1
SENSOR 4 0.630552007472 0.794374685107
SENSOR 7 0.71722232292 -0.999020958816
ODOMETRY -1 -1 -1
SENSOR 4 0.612734147059 0.795647293699
SENSOR 7 0.716577724638 -1.00829141786
ODOMETRY -1 -1 -1
SENSOR 4 0.612436583654 0.804606534188
SENSOR 7 0.711055182248 -1.00872529706
ODOMETRY -1 -1 -1
SENSOR 4 0.609960850778 0.8154066652
SENSOR 7 0.712802101721 -1.01790844568
ODOMETRY -1 -1 -1
SENSOR 4 0.613594456427 0.814766825568
SENSOR 7 0.701106793657 -1.02856082325
ODOMETRY -1 -1 -1
SENSOR 4 0.606337392174 0.824634685579
SENSOR 7 0.710606384299 -1.02749067369
ODOMETRY -1 -1 -1
SENSOR 4 0.598175869032 0.835219724961
SENSOR 7 0.705093577852 -1.04667215193
ODOMETRY -1 -1 -1
SENSOR 4 0.591462927151 0.845184007289
SENSOR 7 0.694394929181 -1.04745833336
ODOMETRY -1 -1 -1
SENSOR 4 0.590751607535 0.845654917329
SENSOR 7 0.69662819872 -1.04714769126
ODOMETRY -1 -1 -1
SENSOR 4 0.591186136916 0.844927145993
SENSOR 7 0.687882530672 -1.06691723105
ODOMETRY -1 -1 -1
SENSOR 4 0.583097326713 0.865844111333
SENSOR 7 0.684640619711 -1.0670794507
ODOMETRY -1 -1 -1
SENSOR 4 0.584508926773 0.865313300076
SENSOR 7 0.689766515459 -1.07563803349
ODOMETRY -1 -1 -1
SENSOR 4 0.577432133141 0.865851455118
SENSOR 7 0.678373934236 -1.08629719225
ODOMETRY -1 -1 -1
SENSOR 4 0.57790572298 0.885425949788
SENSOR 7 0.675240788402 -1.08632002907
ODOMETRY -1 -1 -1
SENSOR 4 0.573002139688 0.885584399038
SENSOR 7 0.677689819496 -1.10498275086
ODOMETRY -1 -1 -1
SENSOR 4 0.574632256865 0.89506007546
SENSOR 7 0.672716591803 -1.10534405296
ODOMETRY -1 -1 -1
SENSOR 4 0.565407400593 0.905659993496
SENSOR 7 0.676178853867 -1.11355259822
ODOMETRY -1 -1 -1
SENSOR 4 0.561276661081 0.906011381053
SENSOR 7 0.665956821195 -1.12455129468
ODOMETRY -1 -1 -1
SENSOR 4 0.559550192929 0.925464581073
SENSOR 7 0.661800697642 -1.12435011027
ODOMETRY -1 -1 -1
SENSOR 4 0.548499398861 0.927388629792
SENSOR 7 0.65820876885 -1.14422951784
ODOMETRY -1 -1 -1
SENSOR 4 0.548923282764 0.936270513099
SENSOR 7 0.665476284199 -1.14270946803
ODOMETRY -1 -1 -1
SENSOR 4 0.538035823508 0.947785715382
SENSOR 7 0.662903418167 -1.15213108607
ODOMETRY -1 -1 -1
SENSOR 4 0.545257542379 0.956496609651
SENSOR 7 0.659981746612 -1.1617291138
ODOMETRY -1 -1 -1
SENSOR 4 0.542317110413 0.965957274574
SENSOR 7 0.655843122017 -1.17189769026
ODOMETRY -1 -1 -1
SENSOR 4 0.536371332841 0.976015801716
SENSOR 7 0.648089442998 -1.1817221529
ODOMETRY -1 -1 -1
SENSOR 4 0.529866342436 0.977178816703
SENSOR 7 0.65225140635 -1.18134582419
ODOMETRY -1 -1 -1
SENSOR 4 0.524289968271 0.987919652173
SENSOR 7 0.648169050049 -1.19089753403
ODOMETRY -1 -1 -1
SENSOR 4 0.524522631039 0.99713376618
SENSOR 7 0.64394360643 -1.20045230392
ODOMETRY -1 -1 -1
SENSOR 4 0.517135744882 1.00777632253
SENSOR 7 0.64705579707 -1.20896743149
ODOMETRY -1 -1 -1
SENSOR 4 0.519815679247 1.01706513785
SENSOR 7 0.649768957909 -1.21777659991
ODOMETRY -1 -1 -1
SENSOR 4 0.517290856486 1.01750278027
SENSOR 7 0.636222968774 -1.22892071272
ODOMETRY -1 -1 -1
SENSOR 4 0.511063541692 1.03729555177
SENSOR 7 0.638574101602 -1.23822383482
ODOMETRY -1 -1 -1
SENSOR 4 0.509743320046 1.03734491028
SENSOR 7 0.635056998151 -1.24734266981
ODOMETRY -1 -1 -1
SENSOR 4 0.510898375562 1.05699813272
SENSOR 7 0.63422063596 -1.25652570188
ODOMETRY -1 -1 -1
SENSOR 4 0.505426459649 1.05686309162
SENSOR 7 0.627767585635 -1.26667049361
ODOMETRY -1 -1 -1
SENSOR 4 0.500517823253 1.07793555919
SENSOR 7 0.620471309675 -1.27732807194
ODOMETRY -1 -1 -1
SENSOR 4 0.498267895419 1.07744714031
SENSOR 7 0.631338950646 -1.28455828805
ODOMETRY -1 -1 -1
SENSOR 4 0.491210410498 1.09821964377
SENSOR 7 0.629154665679 -1.2841340605
ODOMETRY -1 -1 -1
SENSOR 4 0.494722363488 1.09684436674
SENSOR 7 0.622406077797 -1.30444996111
ODOMETRY -1 -1 -1
SENSOR 4 0.494453957271 1.11619829651
SENSOR 7 0.627468043102 -1.30317375832
ODOMETRY -1 -1 -1
SENSOR 4 0.487439532755 1.1173374917
SENSOR 7 0.622253204272 -1.32216547682
ODOMETRY -1 -1 -1
SENSOR 4 0.482153478764 1.13763824128
SENSOR 7 0.614953464989 -1.32316886508
ODOMETRY -1 -1 -1
SENSOR 4 0.484966690344 1.14596976814
SENSOR 7 0.62295057354 -1.34008695
ODOMETRY -1 -1 -1
SENSOR 4 0.479033161895 1.15687370099
SENSOR 7 0.623542097253 -1.34000315122
ODOMETRY -1 -1 -1
SENSOR 4 0.483047752712 1.16574464935
SENSOR 7 0.610193775911 -1.36029511844
ODOMETRY -1 -1 -1
SENSOR 4 0.47206566094 1.17723944634
SENSOR 7 0.616476894339 -1.35898335618
ODOMETRY -1 -1 -1
SENSOR 4 0.475741786944 1.1857804437
SENSOR 7 0.607803720833 -1.3785338527
ODOMETRY -1 -1 -1
SENSOR 4 0.466665470694 1.19789365345
SENSOR 7 0.615670084248 -1.37723183666
ODOMETRY -1 -1 -1
SENSOR 4 0.472318969554 1.20502158378
SENSOR 7 0.608450039609 -1.39655521092
ODOMETRY -1 -1 -1
SENSOR 4 0.457042997214 1.21896417724
SENSOR 7 0.62116241143 -1.39425306854
ODOMETRY -1 -1 -1
SENSOR 4 0.465452291965 1.22542079281
SENSOR 7 0.613679663463 -1.41380510668
ODOMETRY -1 -1 -1
SENSOR 4 0.461959720487 1.24525558881
SENSOR 7 0.604849984725 -1.41488611218
ODOMETRY -1 -1 -1
SENSOR 4 0.461018763595 1.24469899357
SENSOR 7 0.602104455831 -1.43371295261
ODOMETRY -1 -1 -1
SENSOR 4 0.452427090874 1.26585305315
SENSOR 7 0.596507243044 -1.43451032593
ODOMETRY -1 -1 -1
SENSOR 4 0.46030292785 1.28306963073
SENSOR 7 0.607174210064 -1.45060875467
ODOMETRY -1 -1 -1
SENSOR 4 0.455534746759 1.2835712803
SENSOR 7 0.599099261059 -1.45183966951
ODOMETRY -1 -1 -1
SENSOR 4 0.452637234574 1.30398217473
SENSOR 7 0.600438829566 -1.46976718915
ODOMETRY -1 -1 -1
SENSOR 4 0.451370426534 1.30342725324
SENSOR 7 0.609870725453 -1.46815864477
ODOMETRY -1 -1 -1
SENSOR 4 0.449543894197 1.32296630513
SENSOR 7 0.607085653849 -1.47739190378
ODOMETRY -1 -1 -1
SENSOR 4 0.442896421558 1.32411432879
SENSOR 7 0.609158200229 -1.48647359851
ODOMETRY -1 -1 -1
SENSOR 4 0.446575947711 1.34073653016
SENSOR 7 0.607978071051 -1.48634530666
ODOMETRY -1 -1 -1
SENSOR 4 0.444749589932 1.34282241228
SENSOR 7 0.597148410979 -1.5057133852
ODOMETRY -1 -1 -1
SENSOR 4 0.443523744237 1.36123776311
SENSOR 7 0.602633864993 -1.50507825399
ODOMETRY -1 -1 -1
SENSOR 4 0.447645965199 1.35987629204
SENSOR 7 0.597634175551 -1.52381653162
ODOMETRY -1 -1 -1
SENSOR 4 0.439138120827 1.38139940368
SENSOR 7 0.604169126195 -1.52246414212
ODOMETRY -1 -1 -1
SENSOR 4 0.444620706002 1.38849534588
SENSOR 7 0.600777423363 -1.54116012802
ODOMETRY -1 -1 -1
SENSOR 4 0.438174761436 1.39984987386
SENSOR 7 0.594873887432 -1.54143042019
ODOMETRY -1 -1 -1
SENSOR 4 0.447647880812 1.40619967699
SENSOR 7 0.606353596674 -1.54896939831
ODOMETRY -1 -1 -1
SENSOR 4 0.440920422443 1.41663656941
SENSOR 7 0.596169122855 -1.55945668383
ODOMETRY -1 -1 -1
SENSOR 4 0.439249051406 1.41724352483
SENSOR 7 0.609707808546 -1.55674662824
ODOMETRY -1 -1 -1
SENSOR 4 0.436921137275 1.4366149696
SENSOR 7 0.606092728998 -1.57575682358
ODOMETRY -1 -1 -1
SENSOR 4 0.441701634201 1.43566132885
SENSOR 7 0.594797195794 -1.577211957
ODOMETRY -1 -1 -1
SENSOR 4 0.433986234696 1.43676746429
SENSOR 7 0.599086351993 -1.59429484118
ODOMETRY -1 -1 -1
SENSOR 4 0.436267942241 1.4369299308
SENSOR 7 0.597000842274 -1.61249982495
ODOMETRY -1 -1 -1
SENSOR 4 0.433813370663 1.43791450316
SENSOR 7 0.597379061961 -1.62985243869
ODOMETRY -1 -1 -1
SENSOR 4 0.439772698667 1.43538460392
SENSOR 7 0.606401881741 -1.63715388004
ODOMETRY -1 -1 -1
SENSOR 4 0.429675382126 1.43017354017
SENSOR 7 0.599324311891 -1.65597903818
ODOMETRY -1 -1 -1
SENSOR 4 0.432560071739 1.42893974046
SENSOR 7 0.604014821771 -1.67242365638
ODOMETRY -1 -1 -1
SENSOR 4 0.442308911939 1.42529913521
SENSOR 7 0.602714604193 -1.68144639359
ODOMETRY -1 -1 -1
SENSOR 4 0.438108076228 1.42735682107
SENSOR 7 0.602638092162 -1.69897290896
ODOMETRY -1 -1 -1
SENSOR 4 0.433995676153 1.42902659182
SENSOR 7 0.602790937651 -1.71641280393
ODOMETRY -1 -1 -1
SENSOR 4 0.429858212153 1.42026462274
SENSOR 7 0.605456667485 -1.73334586269
ODOMETRY -1 -1 -1
SENSOR 4 0.429015630969 1.42054606403
SENSOR 7 0.604728555826 -1.75071025737
ODOMETRY -1 -1 -1
SENSOR 4 0.432501905163 1.41970241346
SENSOR 7 0.610456282174 -1.76714208381
ODOMETRY -1 -1 -1
SENSOR 4 0.430852271623 1.42016483084
SENSOR 7 0.599397475592 -1.78667423464
ODOMETRY -1 -1 -1
SENSOR 4 0.43338799488 1.41937250716
SENSOR 7 0.596680893994 -1.80410434157
ODOMETRY -1 -1 -1
SENSOR 4 0.428306560428 1.41211664807
SENSOR 7 0.613388006432 -1.81870628265
ODOMETRY -1 -1 -1
SENSOR 4 0.430580059771 1.41114095114
SENSOR 7 0.604257377243 -1.83728120897
ODOMETRY -1 -1 -1
SENSOR 4 0.431911734483 1.41105369326
SENSOR 7 0.609620963965 -1.84501405731
ODOMETRY -1 -1 -1
SENSOR 4 0.428134501231 1.4121896675
SENSOR 7 0.612391591014 -1.86185065006
ODOMETRY -1 -1 -1
SENSOR 4 0.426334018265 1.41344795715
SENSOR 7 0.613273097658 -1.87900022957
ODOMETRY -1 -1 -1
SENSOR 4 0.431559333461 1.4115680337
SENSOR 7 0.613732193986 -1.89557681412
ODOMETRY -1 -1 -1
SENSOR 4 0.424986648348 1.41386038565
SENSOR 7 0.614303488233 -1.90415908133
ODOMETRY -1 -1 -1
SENSOR 4 0.426851986935 1.40322849581
SENSOR 7 0.611687976639 -1.92141210272
ODOMETRY -1 -1 -1
SENSOR 4 0.427686500802 1.40299159922
SENSOR 7 0.616993252695 -1.93787839889
ODOMETRY -1 -1 -1
SENSOR 4 0.43033139448 1.4111766044
SENSOR 7 0.618866931552 -1.95471129725
ODOMETRY -1 -1 -1
SENSOR 4 0.425958018984 1.41338934046
SENSOR 7 0.612621356102 -1.95562836982
ODOMETRY -1 -1 -1
SENSOR 4 0.42440665636 1.41395257818
SENSOR 7 0.615381724287 -1.97251209495
ODOMETRY -1 -1 -1
SENSOR 4 0.417759983045 1.42507432699
SENSOR 7 0.624307020545 -1.97069075267
ODOMETRY -1 -1 -1
SENSOR 4 0.423990655718 1.4320235018
SENSOR 7 0.625147380655 -1.97905479769
ODOMETRY -1 -1 -1
SENSOR 4 0.413134816635 1.43568702206
SENSOR 7 0.619122477747 -1.98851911908
ODOMETRY -1 -1 -1
SENSOR 4 0.418585920232 1.45183248232
SENSOR 7 0.623412466626 -1.98793988269
ODOMETRY -1 -1 -1
SENSOR 4 0.419592475487 1.45140110356
SENSOR 7 0.631778344709 -1.99468238194
ODOMETRY -1 -1 -1
SENSOR 4 0.416010287161 1.47141210963
SENSOR 7 0.624046911624 -2.00477739823
ODOMETRY -1 -1 -1
SENSOR 4 0.417482448391 1.46956783244
SENSOR 7 0.639418941485 -2.00204738481
ODOMETRY -1 -1 -1
SENSOR 4 0.418313148445 1.48904433518
SENSOR 7 0.640691690346 -2.01042807784
ODOMETRY -1 -1 -1
SENSOR 4 0.419146700171 1.48853781033
SENSOR 7 0.639325367518 -2.0193046419
ODOMETRY -1 -1 -1
SENSOR 4 0.420330670763 1.50529869274
SENSOR 7 0.631995961296 -2.01982796548
ODOMETRY -1 -1 -1
SENSOR 4 0.420071574728 1.50543845777
SENSOR 7 0.638634139095 -2.0270898582
ODOMETRY -1 -1 -1
SENSOR 4 0.418185033402 1.52541109004
SENSOR 7 0.636459306212 -2.03661191646
ODOMETRY -1 -1 -1
SENSOR 4 0.413744740865 1.52581065388
SENSOR 7 0.649159367303 -2.03462579517
ODOMETRY -1 -1 -1
SENSOR 4 0.421656646329 1.54116089005
SENSOR 7 0.646051542777 -2.05247674809
ODOMETRY -1 -1 -1
SENSOR 4 0.420013624024 1.54211051238
SENSOR 7 0.642748719887 -2.05279969927
ODOMETRY -1 -1 -1
SENSOR 4 0.419721630977 1.56058047499
SENSOR 7 0.640387460475 -2.05257929814
ODOMETRY -1 -1 -1
SENSOR 4 0.419233082658 1.55973178687
SENSOR 7 0.646135033325 -2.06895783382
ODOMETRY -1 -1 -1
SENSOR 4 0.41539002663 1.57986826995
SENSOR 7 0.646695607328 -2.06875087014
ODOMETRY -1 -1 -1
SENSOR 4 0.41800262255 1.57852794449
SENSOR 7 0.655687602435 -2.06755078669
ODOMETRY -1 -1 -1
SENSOR 4 0.414270541474 1.59759604184
SENSOR 7 0.650852815707 -2.07673320918
ODOMETRY -1 -1 -1
SENSOR 4 0.41492884516 1.59787738369
SENSOR 7 0.65638053824 -2.08452599979
ODOMETRY -1 -1 -1
SENSOR 4 0.414047288766 1.61601135451
SENSOR 7 0.651386864697 -2.08459146172
ODOMETRY -1 -1 -1
SENSOR 4 0.408594005916 1.61791514332
SENSOR 7 0.664174279538 -2.08311669781
ODOMETRY -1 -1 -1
SENSOR 4 0.419371069062 1.63150421893
SENSOR 7 0.665407952038 -2.10018385287
ODOMETRY -1 -1 -1
SENSOR 4 0.412557382759 1.63381591492
SENSOR 7 0.658707009848 -2.10066165435
ODOMETRY -1 -1 -1
SENSOR 4 0.420681979965 1.6400634964
SENSOR 7 0.659555956554 -2.108982494
ODOMETRY -1 -1 -1
SENSOR 4 0.410892959784 1.65285633525
SENSOR 7 0.677959007627 -2.11520167985
ODOMETRY -1 -1 -1
SENSOR 4 0.422531050056 1.65693062659
SENSOR 7 0.675573868541 -2.11518734577
ODOMETRY -1 -1 -1
SENSOR 4 0.416290478798 1.66738008022
SENSOR 7 0.676399828041 -2.12366072759
ODOMETRY -1 -1 -1
SENSOR 4 0.422023281984 1.67507699737
SENSOR 7 0.678232020512 -2.13219772254
ODOMETRY -1 -1 -1
SENSOR 4 0.417493312081 1.68549587908
SENSOR 7 0.676150257324 -2.13196665384
ODOMETRY -1 -1 -1
SENSOR 4 0.423150916105 1.6925108911
SENSOR 7 0.685355214552 -2.13055015554
ODOMETRY -1 -1 -1
SENSOR 4 0.416441211661 1.70320446739
SENSOR 7 0.684192543073 -2.13907800831
ODOMETRY -1 -1 -1
SENSOR 4 0.428988401188 1.70758614391
SENSOR 7 0.679799565824 -2.14795811613
ODOMETRY -1 -1 -1
SENSOR 4 0.423780349071 1.71780218075
SENSOR 7 0.690751296971 -2.14699469777
ODOMETRY -1 -1 -1
SENSOR 4 0.421641120716 1.72750885566
SENSOR 7 0.685074938596 -2.15590071247
ODOMETRY -1 -1 -1
SENSOR 4 0.419819930963 1.73674016159
SENSOR 7 0.693479452841 -2.16344491969
ODOMETRY -1 -1 -1
SENSOR 4 0.423872513096 1.74452085255
SENSOR 7 0.695599802762 -2.16325722261
ODOMETRY -1 -1 -1
SENSOR 4 0.421770273435 1.75339534133
SENSOR 7 0.692387696666 -2.17167374067
ODOMETRY -1 -1 -1
SENSOR 4 0.423756879581 1.76194841339
SENSOR 7 0.690518809261 -2.17148335727
ODOMETRY -1 -1 -1
SENSOR 4 0.429172501233 1.76861874113
SENSOR 7 0.700571620272 -2.17891995275
ODOMETRY -1 -1 -1
SENSOR 4 0.417249865308 1.78144402205
SENSOR 7 0.705166318321 -2.17863105622
ODOMETRY -1 -1 -1
SENSOR 4 0.423228523082 1.78741994364
SENSOR 7 0.7036006207 -2.18711559159
ODOMETRY -1 -1 -1
SENSOR 4 0.425456658195 1.79522194943
SENSOR 7 0.710367183454 -2.19488793639
ODOMETRY -1 -1 -1
SENSOR 4 0.422991430861 1.80564202993
SENSOR 7 0.705775595527 -2.1951462643
ODOMETRY -1 -1 -1
SENSOR 4 0.430363741913 1.81996913311
SENSOR 7 0.7071258723 -2.20378058088
ODOMETRY -1 -1 -1
SENSOR 4 0.431769123843 1.81925908344
SENSOR 7 0.714092447234 -2.20255677219
ODOMETRY -1 -1 -1
SENSOR 4 0.430527436419 1.8375475598
SENSOR 7 0.714648920162 -2.21094870305
ODOMETRY -1 -1 -1
SENSOR 4 0.427673304402 1.83820259604
SENSOR 7 0.716445921709 -2.21115507943
ODOMETRY -1 -1 -1
SENSOR 4 0.42952523093 1.8550270935
SENSOR 7 0.714258235167 -2.21909987639
ODOMETRY -1 -1 -1
SENSOR 4 0.433743069946 1.85343549639
SENSOR 7 0.721437916812 -2.21837806387
ODOMETRY -1 -1 -1
SENSOR 4 0.435242446566 1.85240652048
SENSOR 7 0.728759972808 -2.23450116417
ODOMETRY -1 -1 -1
SENSOR 4 0.435582440683 1.85161251669
SENSOR 7 0.729479496775 -2.24271800904
ODOMETRY -1 -1 -1
SENSOR 4 0.437181869688 1.85202650744
SENSOR 7 0.733949869635 -2.25902578942
ODOMETRY -1 -1 -1
SENSOR 4 0.43877072482 1.85137762514
SENSOR 7 0.729922249157 -2.26743645249
ODOMETRY -1 -1 -1
SENSOR 4 0.438089323102 1.85176514516
SENSOR 7 0.730225969031 -2.28410964674
ODOMETRY -1 -1 -1
SENSOR 4 0.445434546271 1.84977850246
SENSOR 7 0.732987078512 -2.30058262221
ODOMETRY -1 -1 -1
SENSOR 4 0.441034613841 1.85068220941
SENSOR 7 0.742710236361 -2.31617508786
ODOMETRY -1 -1 -1
SENSOR 4 0.446811262437 1.8491585189
SENSOR 7 0.745135615107 -2.32406094229
ODOMETRY -1 -1 -1
SENSOR 4 0.437028765269 1.84325718798
SENSOR 7 0.747878436487 -2.34028379625
ODOMETRY -1 -1 -1
SENSOR 4 0.445774982928 1.83134808154
SENSOR 7 0.743522316722 -2.34896419454
ODOMETRY -1 -1 -1
SENSOR 4 0.448587524817 1.83151624155
SENSOR 7 0.748944918474 -2.36513494354
ODOMETRY -1 -1 -1
SENSOR 4 0.445069284897 1.8319875575
SENSOR 7 0.74554767271 -2.3818584838
ODOMETRY -1 -1 -1
SENSOR 4 0.447893798489 1.83053026953
SENSOR 7 0.749689433028 -2.39818611903
ODOMETRY -1 -1 -1
SENSOR 4 0.452238971827 1.8296894895
SENSOR 7 0.759856276636 -2.41402159646
ODOMETRY -1 -1 -1
SENSOR 4 0.452533187285 1.82948855814
SENSOR 7 0.754582952779 -2.41397930894
ODOMETRY -1 -1 -1
SENSOR 4 0.448299380944 1.83154414626
SENSOR 7 0.767164726117 -2.42935057663
ODOMETRY -1 -1 -1
SENSOR 4 0.44947767776 1.83119760888
SENSOR 7 0.770700270268 -2.44619078947
ODOMETRY -1 -1 -1
SENSOR 4 0.452464656345 1.82116065388
SENSOR 7 0.762600819733 -2.46268299606
ODOMETRY -1 -1 -1
SENSOR 4 0.448484092944 1.82311426534
SENSOR 7 0.774316238323 -2.4785188387
ODOMETRY -1 -1 -1
SENSOR 4 0.44743402137 1.82315676474
SENSOR 7 0.77950697904 -2.47795204979
ODOMETRY -1 -1 -1
SENSOR 4 0.457421776371 1.81124469891
SENSOR 7 0.790972803754 -2.49361282261
ODOMETRY -1 -1 -1
SENSOR 4 0.456224028278 1.81138352213
SENSOR 7 0.778449682908 -2.51086428602
ODOMETRY -1 -1 -1
SENSOR 4 0.454771720162 1.81220576547
SENSOR 7 0.786595009758 -2.52669500569
ODOMETRY -1 -1 -1
SENSOR 4 0.453890359251 1.81207908088
SENSOR 7 0.793594185552 -2.54298991443
ODOMETRY -1 -1 -1
SENSOR 4 0.461503510138 1.81005460092
SENSOR 7 0.793174409672 -2.54252170466
ODOMETRY -1 -1 -1
SENSOR 4 0.458335661107 1.80195910103
SENSOR 7 0.795306598824 -2.55902832455
ODOMETRY -1 -1 -1
SENSOR 4 0.461209071598 1.801199562
SENSOR 7 0.80008834286 -2.57491345814
ODOMETRY -1 -1 -1
SENSOR 4 0.460261126735 1.80204198608
SENSOR 7 0.806321673559 -2.59140291933
ODOMETRY -1 -1 -1
SENSOR 4 0.459536694852 1.8017148256
SENSOR 7 0.804842985604 -2.59933023819
ODOMETRY -1 -1 -1
SENSOR 4 0.462756375382 1.80071594461
SENSOR 7 0.808116266209 -2.60723344721
ODOMETRY -1 -1 -1
SENSOR 4 0.46222778254 1.7924630819
SENSOR 7 0.812891010376 -2.62349867088
ODOMETRY -1 -1 -1
SENSOR 4 0.469088078611 1.79020162883
SENSOR 7 0.807161447554 -2.64022149168
ODOMETRY -1 -1 -1
SENSOR 4 0.465637532587 1.79098729554
SENSOR 7 0.81528047239 -2.64771610423
ODOMETRY -1 -1 -1
SENSOR 4 0.462745765688 1.78369806211
SENSOR 7 0.827053630568 -2.65512922606
ODOMETRY -1 -1 -1
SENSOR 4 0.468617306996 1.78189116442
SENSOR 7 0.825447281907 -2.67154387541
ODOMETRY -1 -1 -1
SENSOR 4 0.471353453866 1.78122990599
SENSOR 7 0.831654698232 -2.68820322026
ODOMETRY -1 -1 -1
SENSOR 4 0.465471308169 1.78260505751
SENSOR 7 0.828872399418 -2.69609581621
ODOMETRY -1 -1 -1
SENSOR 4 0.465193539023 1.78236590402
SENSOR 7 0.834910563901 -2.70355144074
ODOMETRY -1 -1 -1
SENSOR 4 0.465794582001 1.78252253961
SENSOR 7 0.843087584755 -2.72001394917
ODOMETRY -1 -1 -1
SENSOR 4 0.468079153583 1.76455879213
SENSOR 7 0.84555837011 -2.72779823265
ODOMETRY -1 -1 -1
SENSOR 4 0.471564124731 1.76320163387
SENSOR 7 0.839788438032 -2.74452679753
ODOMETRY -1 -1 -1
SENSOR 4 0.474387478849 1.76256385561
SENSOR 7 0.84606804085 -2.76062854778
ODOMETRY -1 -1 -1
SENSOR 4 0.464971837626 1.76545597554
SENSOR 7 0.850872414644 -2.76838139236
ODOMETRY -1 -1 -1
SENSOR 4 0.478045414767 1.76178601489
SENSOR 7 0.851400938616 -2.78495579628
ODOMETRY -1 -1 -1
SENSOR 4 0.465757713032 1.76598737398
SENSOR 7 0.855141390064 -2.79280481948
ODOMETRY -1 -1 -1
SENSOR 4 0.476719915408 1.75281987133
SENSOR 7 0.858893360928 -2.80081657422
ODOMETRY -1 -1 -1
SENSOR 4 0.477955926991 1.74389970158
ODOMETRY -1 -1 -1
SENSOR 4 0.473782532702 1.74577010636
ODOMETRY -1 -1 -1
SENSOR 4 0.475866139196 1.74464902376
ODOMETRY -1 -1 -1
SENSOR 4 0.479525965184 1.74402544434
ODOMETRY -1 -1 -1
SENSOR 4 0.475303291238 1.74492407026
ODOMETRY -1 -1 -1
SENSOR 4 0.473234776322 1.74560097969
ODOMETRY -1 -1 -1
SENSOR 4 0.483980484546 1.74298187496
ODOMETRY -1 -1 -1
SENSOR 4 0.47681798055 1.72720383212
ODOMETRY -1 -1 -1
SENSOR 4 0.486198938363 1.72431229412
ODOMETRY -1 -1 -1
SENSOR 4 0.476436800702 1.72770127023
ODOMETRY -1 -1 -1
SENSOR 4 0.478716662451 1.72647070191
ODOMETRY -1 -1 -1
SENSOR 4 0.482512315718 1.72599810475
ODOMETRY -1 -1 -1
SENSOR 4 0.480489001791 1.72625830364
ODOMETRY -1 -1 -1
SENSOR 4 0.482108626344 1.72619442561
ODOMETRY -1 -1 -1
SENSOR 4 0.488003684157 1.7155294956
ODOMETRY -1 -1 -1
SENSOR 4 0.488590274881 1.70662527638
ODOMETRY -1 -1 -1
SENSOR 4 0.483153637444 1.70798442947
ODOMETRY -1 -1 -1
SENSOR 4 0.485283934997 1.70719219723
ODOMETRY -1 -1 -1
SENSOR 4 0.483480656913 1.70820700841
ODOMETRY -1 -1 -1
SENSOR 4 0.483809508372 1.7079020038
ODOMETRY -1 -1 -1
SENSOR 4 0.485961888666 1.70716182988
ODOMETRY -1 -1 -1
SENSOR 4 0.48646559001 1.70806669057
ODOMETRY -1 -1 -1
SENSOR 4 0.48967854917 1.69800292368
ODOMETRY -1 -1 -1
SENSOR 4 0.48654385241 1.68938670638
ODOMETRY -1 -1 -1
SENSOR 4 0.488239449441 1.6892814538
ODOMETRY -1 -1 -1
SENSOR 4 0.483360657692 1.6908535242
ODOMETRY -1 -1 -1
SENSOR 4 0.483182351854 1.69115171852
ODOMETRY -1 -1 -1
SENSOR 4 0.492096642844 1.68846210039
ODOMETRY -1 -1 -1
SENSOR 4 0.487177997089 1.68994513356
ODOMETRY -1 -1 -1
SENSOR 4 0.49214336682 1.67911304991
ODOMETRY -1 -1 -1
SENSOR 4 0.492470349013 1.67976368463
ODOMETRY -1 -1 -1
SENSOR 4 0.488081044941 1.67130025066
ODOMETRY -1 -1 -1
SENSOR 4 0.487421160094 1.67115819609
ODOMETRY -1 -1 -1
SENSOR 4 0.487257113174 1.67216877004
ODOMETRY -1 -1 -1
SENSOR 4 0.49059355427 1.67097564903
ODOMETRY -1 -1 -1
SENSOR 4 0.49127237333 1.67084066088
ODOMETRY -1 -1 -1
SENSOR 4 0.49050503739 1.6619508597
ODOMETRY -1 -1 -1
SENSOR 4 0.493857032403 1.65179035035
ODOMETRY -1 -1 -1
SENSOR 4 0.496206231054 1.65140056274
ODOMETRY -1 -1 -1
SENSOR 4 0.498655218847 1.65132451401
ODOMETRY -1 -1 -1
SENSOR 4 0.496739136242 1.65212545184
ODOMETRY -1 -1 -1
SENSOR 4 0.499642961836 1.65176511799
ODOMETRY -1 -1 -1
SENSOR 4 0.487720129879 1.64510866974
ODOMETRY -1 -1 -1
SENSOR 4 0.494972834479 1.64320983224
ODOMETRY -1 -1 -1
SENSOR 4 0.495340238997 1.63423139595
ODOMETRY -1 -1 -1
SENSOR 4 0.491361605155 1.63483733792
ODOMETRY -1 -1 -1
SENSOR 4 0.490000026213 1.63558935321
ODOMETRY -1 -1 -1
SENSOR 4 0.495121017577 1.63421032154
ODOMETRY -1 -1 -1
SENSOR 4 0.496539804463 1.63404812609
ODOMETRY -1 -1 -1
SENSOR 4 0.495520780678 1.62559961525
ODOMETRY -1 -1 -1
SENSOR 4 0.498073469707 1.62487428419
ODOMETRY -1 -1 -1
SENSOR 4 0.493118485756 1.62656524518
ODOMETRY -1 -1 -1
SENSOR 4 0.497585038822 1.61603300235
ODOMETRY -1 -1 -1
SENSOR 4 0.499887569349 1.61592678414
ODOMETRY -1 -1 -1
SENSOR 4 0.499432309441 1.6161354565
ODOMETRY -1 -1 -1
SENSOR 4 0.496694632658 1.61697312773
ODOMETRY -1 -1 -1
SENSOR 4 0.496516186398 1.60700940444
ODOMETRY -1 -1 -1
SENSOR 4 0.504461410043 1.60529730489
ODOMETRY -1 -1 -1
SENSOR 4 0.499305534181 1.60725923056
ODOMETRY -1 -1 -1
SENSOR 4 0.498773481112 1.59752258274
ODOMETRY -1 -1 -1
SENSOR 4 0.494283445183 1.59947467335
ODOMETRY -1 -1 -1
SENSOR 4 0.500938044904 1.59753813262
ODOMETRY -1 -1 -1
SENSOR 4 0.497291500404 1.59903304483
ODOMETRY -1 -1 -1
SENSOR 4 0.499067022035 1.58849821863
ODOMETRY -1 -1 -1
SENSOR 4 0.498308525811 1.59008817893
ODOMETRY -1 -1 -1
SENSOR 4 0.495471594797 1.59027561885
ODOMETRY -1 -1 -1
SENSOR 4 0.495700570538 1.59057211856
ODOMETRY -1 -1 -1
SENSOR 4 0.49274937316 1.58177721269
ODOMETRY -1 -1 -1
SENSOR 4 0.498216510084 1.5801152553
ODOMETRY -1 -1 -1
SENSOR 4 0.497745420471 1.5799945445
ODOMETRY -1 -1 -1
SENSOR 4 0.494291983862 1.58155676683
ODOMETRY -1 -1 -1
SENSOR 4 0.495222943709 1.57184571983
ODOMETRY -1 -1 -1
SENSOR 4 0.501079498072 1.5707053893
ODOMETRY -1 -1 -1
SENSOR 4 0.496077444651 1.57231251301
ODOMETRY -1 -1 -1
SENSOR 4 0.497081299776 1.56233357914
ODOMETRY -1 -1 -1
SENSOR 4 0.493125690627 1.56347999666
ODOMETRY -1 -1 -1
SENSOR 4 0.501668900854 1.56275212495
ODOMETRY -1 -1 -1
SENSOR 4 0.499430520661 1.56266715561
ODOMETRY -1 -1 -1
SENSOR 4 0.499138132257 1.55415532186
ODOMETRY -1 -1 -1
SENSOR 4 0.496561358759 1.55386094908
ODOMETRY -1 -1 -1
SENSOR 4 0.500565568991 1.55335486644
ODOMETRY -1 -1 -1
SENSOR 4 0.497106674853 1.54508812607
ODOMETRY -1 -1 -1
SENSOR 4 0.501754448133 1.54390899857
ODOMETRY -1 -1 -1
SENSOR 4 0.496278928067 1.54574084437
ODOMETRY -1 -1 -1
SENSOR 4 0.498506707705 1.54527602758
ODOMETRY -1 -1 -1
SENSOR 4 0.49025160155 1.537865454
ODOMETRY -1 -1 -1
SENSOR 4 0.499334946066 1.53538012059
ODOMETRY -1 -1 -1
SENSOR 4 0.496972034398 1.53692972205
ODOMETRY -1 -1 -1
SENSOR 4 0.493713770508 1.52834346284
ODOMETRY -1 -1 -1
SENSOR 4 0.498723937442 1.52687954216
ODOMETRY -1 -1 -1
SENSOR 4 0.499411356526 1.52669526997
ODOMETRY -1 -1 -1
SENSOR 4 0.489763453073 1.520201927
ODOMETRY -1 -1 -1
SENSOR 4 0.496398497409 1.52759652596
ODOMETRY -1 -1 -1
SENSOR 4 0.495355356439 1.52715280479
ODOMETRY -1 -1 -1
SENSOR 4 0.496392183912 1.53624689762
ODOMETRY -1 -1 -1
SENSOR 4 0.495624203895 1.54566682447
ODOMETRY -1 -1 -1
SENSOR 4 0.49089840598 1.5558797715
ODOMETRY -1 -1 -1
SENSOR 4 0.49506531224 1.56386745427
ODOMETRY -1 -1 -1
SENSOR 4 0.492627671955 1.57324327567
ODOMETRY -1 -1 -1
SENSOR 4 0.494795762782 1.5817972742
ODOMETRY -1 -1 -1
SENSOR 4 0.50211534474 1.578916976
ODOMETRY -1 -1 -1
SENSOR 4 0.497527288972 1.59872312706
ODOMETRY -1 -1 -1
SENSOR 4 0.49333585558 1.59982830196
ODOMETRY -1 -1 -1
SENSOR 4 0.491685770911 1.60869601962
ODOMETRY -1 -1 -1
SENSOR 4 0.492457003157 1.61748932045
ODOMETRY -1 -1 -1
SENSOR 4 0.495383818202 1.62615162777
ODOMETRY -1 -1 -1
SENSOR 4 0.497174076852 1.63415489861
ODOMETRY -1 -1 -1
SENSOR 4 0.490168628335 1.6359431806
ODOMETRY -1 -1 -1
SENSOR 4 0.487973689287 1.64554321142
ODOMETRY -1 -1 -1
SENSOR 4 0.5016261233 1.65042504742
ODOMETRY -1 -1 -1
SENSOR 4 0.493709763296 1.65173326556
ODOMETRY -1 -1 -1
SENSOR 4 0.494755992138 1.67041838843
ODOMETRY -1 -1 -1
SENSOR 4 0.494814960346 1.66961358709
ODOMETRY -1 -1 -1
SENSOR 4 0.492007532435 1.67951536088
ODOMETRY -1 -1 -1
SENSOR 4 0.497320330963 1.68724102285
ODOMETRY -1 -1 -1
SENSOR 4 0.496606866624 1.69571121725
ODOMETRY -1 -1 -1
SENSOR 4 0.499378204231 1.70380488776
ODOMETRY -1 -1 -1
SENSOR 4 0.498281316299 1.70347426566
ODOMETRY -1 -1 -1
SENSOR 4 0.499965893268 1.72158137102
ODOMETRY -1 -1 -1
SENSOR 4 0.497998082186 1.72096705084
ODOMETRY -1 -1 -1
SENSOR 4 0.496269463377 1.73136911614
ODOMETRY -1 -1 -1
SENSOR 4 0.502008688613 1.73736367915
ODOMETRY -1 -1 -1
SENSOR 4 0.501373162874 1.74636531555
ODOMETRY -1 -1 -1
SENSOR 4 0.500628675789 1.75559785406
ODOMETRY -1 -1 -1
SENSOR 4 0.492099301826 1.76681031923
ODOMETRY -1 -1 -1
SENSOR 4 0.505411350902 1.77238622587
ODOMETRY -1 -1 -1
SENSOR 4 0.507354973064 1.7708323399
ODOMETRY -1 -1 -1
SENSOR 4 0.506580379405 1.78039827494
ODOMETRY -1 -1 -1
SENSOR 4 0.509655333564 1.7878730014
ODOMETRY -1 -1 -1
SENSOR 4 0.502016069553 1.79841772051
ODOMETRY -1 -1 -1
SENSOR 4 0.502243514191 1.80755851233
ODOMETRY -1 -1 -1
SENSOR 4 0.507145626591 1.81427667592
ODOMETRY -1 -1 -1
SENSOR 4 0.507445308618 1.81425216963
ODOMETRY -1 -1 -1
SENSOR 4 0.505914926872 1.82374896792
ODOMETRY -1 -1 -1
SENSOR 4 0.51442655315 1.82970556317
ODOMETRY -1 -1 -1
SENSOR 4 0.514635712588 1.83841028322
ODOMETRY -1 -1 -1
SENSOR 4 0.518364704274 1.83741593642
ODOMETRY -1 -1 -1
SENSOR 4 0.503527819628 1.84960170172
ODOMETRY -1 -1 -1
SENSOR 4 0.511580542846 1.85629215311
ODOMETRY -1 -1 -1
SENSOR 4 0.513999941846 1.86415145773
ODOMETRY -1 -1 -1
SENSOR 4 0.517346963204 1.87182816745
ODOMETRY -1 -1 -1
SENSOR 4 0.518042633621 1.88082196403
ODOMETRY -1 -1 -1
SENSOR 4 0.52468737327 1.88847959867
ODOMETRY -1 -1 -1
SENSOR 4 0.519186910109 1.88877698618
ODOMETRY -1 -1 -1
SENSOR 4 0.520049058814 1.89730553979
ODOMETRY -1 -1 -1
SENSOR 4 0.525004005602 1.90465315401
ODOMETRY -1 -1 -1
SENSOR 4 0.522743148412 1.91351445857
ODOMETRY -1 -1 -1
SENSOR 4 0.533674482409 1.92035287795
ODOMETRY -1 -1 -1
SENSOR 4 0.521872129218 1.93106089344
ODOMETRY -1 -1 -1
SENSOR 4 0.52605565504 1.93036104958
ODOMETRY -1 -1 -1
SENSOR 4 0.529685720878 1.9376161215
ODOMETRY -1 -1 -1
SENSOR 4 0.533191667654 1.9450519503
ODOMETRY -1 -1 -1
SENSOR 4 0.536657728294 1.95290453964
ODOMETRY -1 -1 -1
SENSOR 4 0.532056839599 1.96287810505
ODOMETRY -1 -1 -1
SENSOR 4 0.539947291612 1.9606892106
ODOMETRY -1 -1 -1
SENSOR 4 0.532604492892 1.97072525051
ODOMETRY -1 -1 -1
SENSOR 4 0.539288957217 1.97796794057
ODOMETRY -1 -1 -1
SENSOR 4 0.537897761114 1.97812489201
ODOMETRY -1 -1 -1
SENSOR 4 0.540239932954 1.98625182677
ODOMETRY -1 -1 -1
SENSOR 4 0.544152890648 1.99363694868
ODOMETRY -1 -1 -1
SENSOR 4 0.550687096846 1.99217498998
ODOMETRY -1 -1 -1
SENSOR 4 0.544620624104 2.0108291716
ODOMETRY -1 -1 -1
SENSOR 4 0.549221562598 2.00977257158
ODOMETRY -1 -1 -1
SENSOR 4 0.55091394968 2.01752621019
ODOMETRY -1 -1 -1
SENSOR 4 0.553901641214 2.02538185043
ODOMETRY -1 -1 -1
SENSOR 4 0.5523624865 2.02548819065
ODOMETRY -1 -1 -1
SENSOR 4 0.552715699601 2.04316563547
ODOMETRY -1 -1 -1
SENSOR 4 0.557944812692 2.04140007519
ODOMETRY -1 -1 -1
SENSOR 4 0.558036230826 2.04093062345
ODOMETRY -1 -1 -1
SENSOR 4 0.556367797718 2.05838128607
ODOMETRY -1 -1 -1
SENSOR 4 0.563447022694 2.05751605999
ODOMETRY -1 -1 -1
SENSOR 4 0.568710663322 2.05609416044
ODOMETRY -1 -1 -1
SENSOR 4 0.568259681933 2.05649558827
ODOMETRY -1 -1 -1
SENSOR 4 0.565050030768 2.05697855559
ODOMETRY -1 -1 -1
SENSOR 4 0.569472260134 2.05623501963
ODOMETRY -1 -1 -1
SENSOR 4 0.579328091863 2.03700160764
ODOMETRY -1 -1 -1
SENSOR 4 0.572662924882 2.03836862948
ODOMETRY -1 -1 -1
SENSOR 4 0.57290037573 2.03905294229
ODOMETRY -1 -1 -1
SENSOR 4 0.588238365391 2.03643191119
ODOMETRY -1 -1 -1
SENSOR 4 0.585067527933 2.02798544708
ODOMETRY -1 -1 -1
SENSOR 4 0.582516082152 2.02016403022
ODOMETRY -1 -1 -1
SENSOR 4 0.583837750053 2.01947280624
ODOMETRY -1 -1 -1
SENSOR 4 0.582026809917 2.01991662589
ODOMETRY -1 -1 -1
SENSOR 4 0.587064305447 2.01971738673
ODOMETRY -1 -1 -1
SENSOR 4 0.580655306888 2.01199963875
ODOMETRY -1 -1 -1
SENSOR 4 0.594197027029 2.00107428555
ODOMETRY -1 -1 -1
SENSOR 4 0.591517670108 2.00185658238
ODOMETRY -1 -1 -1
SENSOR 4 0.591360233153 2.0019776264
ODOMETRY -1 -1 -1
SENSOR 4 0.588898322397 1.99364749725
ODOMETRY -1 -1 -1
SENSOR 4 0.597410836631 1.99227228363
ODOMETRY -1 -1 -1
SENSOR 4 0.599449858498 1.98316964452
ODOMETRY -1 -1 -1
SENSOR 4 0.593874000332 1.98425055744
ODOMETRY -1 -1 -1
SENSOR 4 0.603707171649 1.97386370769
ODOMETRY -1 -1 -1
SENSOR 4 0.600821938767 1.9749060899
ODOMETRY -1 -1 -1
SENSOR 4 0.607275067673 1.96477658987
ODOMETRY -1 -1 -1
SENSOR 4 0.616541049669 1.9638097153
ODOMETRY -1 -1 -1
SENSOR 4 0.603121854739 1.95703929807
ODOMETRY -1 -1 -1
SENSOR 4 0.612882692845 1.95539718989
ODOMETRY -1 -1 -1
SENSOR 4 0.602449515402 1.9576182718
ODOMETRY -1 -1 -1
SENSOR 4 0.614186771613 1.94691170688
ODOMETRY -1 -1 -1
SENSOR 4 0.619266254059 1.93675857745
ODOMETRY -1 -1 -1
SENSOR 4 0.611630866777 1.93895427856
ODOMETRY -1 -1 -1
SENSOR 4 0.612413359315 1.93872651162
ODOMETRY -1 -1 -1
SENSOR 4 0.620665571293 1.92840877241
ODOMETRY -1 -1 -1
SENSOR 4 0.616988314852 1.92059830562
ODOMETRY -1 -1 -1
SENSOR 4 0.621694613656 1.91994751079
ODOMETRY -1 -1 -1
SENSOR 2 0.736107038503 0.16164586858
SENSOR 4 0.620000461043 1.92059056692
ODOMETRY -1 -1 -1
SENSOR 2 0.7237791227 0.152437310206
SENSOR 4 0.617718303122 1.92080951425
ODOMETRY -1 -1 -1
SENSOR 2 0.729507140834 0.142927626452
SENSOR 4 0.625887024537 1.90198095996
ODOMETRY -1 -1 -1
SENSOR 2 0.730222159574 0.133239064997
SENSOR 4 0.62177515689 1.90272467986
ODOMETRY -1 -1 -1
SENSOR 2 0.72431006627 0.123848289779
SENSOR 4 0.624635939645 1.9027232403
ODOMETRY -1 -1 -1
SENSOR 2 0.727128455314 0.114339385978
SENSOR 4 0.626387243887 1.9023900381
ODOMETRY -1 -1 -1
SENSOR 2 0.720446885138 0.104964504149
SENSOR 4 0.621836161332 1.88624075525
ODOMETRY -1 -1 -1
SENSOR 2 0.709676374778 0.0955062682422
SENSOR 4 0.631622734726 1.88408251248
ODOMETRY -1 -1 -1
SENSOR 2 0.716741055568 0.0856114313852
SENSOR 4 0.632363060279 1.88405550045
ODOMETRY -1 -1 -1
SENSOR 2 0.70830361657 0.076546472368
SENSOR 4 0.629943538956 1.88476842556
ODOMETRY -1 -1 -1
SENSOR 2 0.711186920092 0.0670168017931
SENSOR 4 0.632744942974 1.86695455407
ODOMETRY -1 -1 -1
SENSOR 2 0.711494242774 0.0406987926495
SENSOR 4 0.637226292668 1.86637669531
ODOMETRY -1 -1 -1
SENSOR 2 0.700579242614 0.0409484177722
SENSOR 4 0.638913708239 1.866083091
ODOMETRY -1 -1 -1
SENSOR 2 0.686984580829 0.0247341207692
SENSOR 4 0.632302519978 1.86696847502
ODOMETRY -1 -1 -1
SENSOR 2 0.687469873076 0.0247918587865
SENSOR 4 0.63795603037 1.84865160764
ODOMETRY -1 -1 -1
SENSOR 2 0.684554414851 0.00837637213881
SENSOR 4 0.636945364069 1.8493349207
ODOMETRY -1 -1 -1
SENSOR 2 0.676662703355 0.00857201915125
SENSOR 4 0.638530439635 1.84898096033
ODOMETRY -1 -1 -1
SENSOR 2 0.675178341046 -0.00877542206307
SENSOR 4 0.639949279972 1.8490937065
ODOMETRY -1 -1 -1
SENSOR 2 0.667711144522 -0.00833619418346
SENSOR 4 0.644578428792 1.83961315888
ODOMETRY -1 -1 -1
SENSOR 2 0.665398629215 -0.0247649868667
SENSOR 4 0.642158099628 1.83107656788
ODOMETRY -1 -1 -1
SENSOR 2 0.667021916271 -0.0245376247137
SENSOR 4 0.647257142285 1.83037342185
ODOMETRY -1 -1 -1
SENSOR 2 0.659936762303 -0.0413015741819
SENSOR 4 0.641591486633 1.8315064956
ODOMETRY -1 -1 -1
SENSOR 2 0.668154635849 -0.0406680377068
SENSOR 4 0.650560346048 1.82982308914
ODOMETRY -1 -1 -1
SENSOR 4 0.649881701908 1.8125249403
SENSOR 2 0.6431443044 -0.0675570973622
ODOMETRY -1 -1 -1
SENSOR 4 0.652897039738 1.81198619832
SENSOR 2 0.654151505437 -0.0670175377196
ODOMETRY -1 -1 -1
SENSOR 4 0.645252809165 1.81354374882
SENSOR 2 0.648014014956 -0.0861510217251
ODOMETRY -1 -1 -1
SENSOR 4 0.650212606447 1.79573313355
SENSOR 2 0.642172654585 -0.105944213366
ODOMETRY -1 -1 -1
SENSOR 4 0.649858274862 1.79576825342
SENSOR 2 0.637713232611 -0.105656465989
ODOMETRY -1 -1 -1
SENSOR 4 0.645131210373 1.79699221541
SENSOR 2 0.629164843338 -0.125497109128
ODOMETRY -1 -1 -1
SENSOR 4 0.655572738246 1.7861792783
SENSOR 2 0.640522209266 -0.134920218753
ODOMETRY -1 -1 -1
SENSOR 4 0.650742922216 1.77825483306
SENSOR 2 0.618436800724 -0.144770915369
ODOMETRY -1 -1 -1
SENSOR 4 0.651886238593 1.77775215277
SENSOR 2 0.628134862426 -0.153898434681
ODOMETRY -1 -1 -1
SENSOR 4 0.652890707607 1.77810199318
SENSOR 2 0.620391811666 -0.163825912668
ODOMETRY -1 -1 -1
SENSOR 4 0.655147112749 1.76872488414
SENSOR 2 0.619777939734 -0.173920955478
ODOMETRY -1 -1 -1
SENSOR 4 0.650727736219 1.76021143171
SENSOR 2 0.615603596476 -0.193584365884
ODOMETRY -1 -1 -1
SENSOR 4 0.655633270558 1.76000939764
SENSOR 2 0.608692611352 -0.202681184016
ODOMETRY -1 -1 -1
SENSOR 4 0.654363968849 1.7602475437
SENSOR 2 0.608059500614 -0.21274683442
ODOMETRY -1 -1 -1
SENSOR 4 0.655622371711 1.75147171997
SENSOR 2 0.59600734864 -0.22289963171
ODOMETRY -1 -1 -1
SENSOR 4 0.661559873126 1.74170602677
SENSOR 2 0.600003342771 -0.232137428514
ODOMETRY -1 -1 -1
SENSOR 4 0.660508393334 1.74214987657
SENSOR 2 0.587370426435 -0.252481533905
ODOMETRY -1 -1 -1
SENSOR 4 0.662485237315 1.74175144431
SENSOR 2 0.588200842616 -0.251637520633
ODOMETRY -1 -1 -1
SENSOR 4 0.649148493417 1.73491407684
SENSOR 2 0.587086004524 -0.271401433954
ODOMETRY -1 -1 -1
SENSOR 4 0.663678703077 1.72419581632
SENSOR 2 0.576538066428 -0.28135406468
ODOMETRY -1 -1 -1
SENSOR 4 0.664667674807 1.72391790151
SENSOR 2 0.574559429939 -0.291571937533
ODOMETRY -1 -1 -1
SENSOR 4 0.663793966739 1.72434785281
SENSOR 2 0.573934687837 -0.311418639311
ODOMETRY -1 -1 -1
SENSOR 4 0.655571662126 1.7166603
SENSOR 2 0.572871756746 -0.310560745317
ODOMETRY -1 -1 -1
SENSOR 4 0.662696723919 1.70669400331
SENSOR 2 0.557876496714 -0.330969664371
ODOMETRY -1 -1 -1
SENSOR 4 0.665047334738 1.70666852855
SENSOR 2 0.567527737808 -0.350550833303
ODOMETRY -1 -1 -1
SENSOR 4 0.668138582148 1.70644965001
SENSOR 2 0.555321611712 -0.350496145045
ODOMETRY -1 -1 -1
SENSOR 4 0.665940103782 1.69773389073
SENSOR 2 0.549683667503 -0.370627045753
ODOMETRY -1 -1 -1
SENSOR 4 0.664821515584 1.68907968314
SENSOR 2 0.555893238574 -0.369752910874
ODOMETRY -1 -1 -1
SENSOR 4 0.667456825056 1.68865723788
SENSOR 2 0.546891633377 -0.390122691173
ODOMETRY -1 -1 -1
SENSOR 4 0.667792613348 1.68854289168
SENSOR 2 0.540461973418 -0.410567971107
ODOMETRY -1 -1 -1
SENSOR 4 0.663373166387 1.68068110329
SENSOR 2 0.538734141164 -0.409731976426
ODOMETRY -1 -1 -1
SENSOR 4 0.663321590585 1.68106419335
SENSOR 2 0.530075349608 -0.430304880992
ODOMETRY -1 -1 -1
SENSOR 4 0.672850236471 1.67055697688
SENSOR 2 0.537220557604 -0.439610274437
ODOMETRY -1 -1 -1
SENSOR 4 0.670825930238 1.67066344528
SENSOR 2 0.527989551744 -0.449858372845
ODOMETRY -1 -1 -1
SENSOR 4 0.659937832109 1.6635323602
SENSOR 2 0.52589292624 -0.470076261459
ODOMETRY -1 -1 -1
SENSOR 4 0.669248911737 1.66235830123
SENSOR 2 0.523973459338 -0.479323260148
ODOMETRY -1 -1 -1
SENSOR 4 0.670112017404 1.6531214168
SENSOR 2 0.51811262674 -0.489993256046
ODOMETRY -1 -1 -1
SENSOR 4 0.668418246439 1.6536780515
SENSOR 2 0.509019110482 -0.510244153715
ODOMETRY -1 -1 -1
SENSOR 4 0.667821089437 1.64495782091
SENSOR 2 0.51462952807 -0.5195215553
ODOMETRY -1 -1 -1
SENSOR 4 0.668945716098 1.64468897494
SENSOR 2 0.502456641968 -0.540126909522
ODOMETRY -1 -1 -1
SENSOR 4 0.671198057857 1.63537339722
SENSOR 2 0.502157899913 -0.549978540708
ODOMETRY -1 -1 -1
SENSOR 4 0.672687839859 1.63528665575
SENSOR 2 0.49984420374 -0.559571843989
ODOMETRY -1 -1 -1
SENSOR 4 0.669902616203 1.62716593629
SENSOR 2 0.49136660222 -0.58103304217
ODOMETRY -1 -1 -1
SENSOR 4 0.669516445831 1.62712690976
SENSOR 2 0.49082500683 -0.59096668637
ODOMETRY -1 -1 -1
SENSOR 4 0.672141150151 1.61756663157
SENSOR 2 0.488409904916 -0.600376069887
ODOMETRY -1 -1 -1
SENSOR 4 0.674886672874 1.61779678061
SENSOR 2 0.487044034054 -0.619582664847
ODOMETRY -1 -1 -1
SENSOR 4 0.663187108188 1.610618453
SENSOR 2 0.484184009691 -0.640345201814
ODOMETRY -1 -1 -1
SENSOR 4 0.678366302367 1.6081456939
SENSOR 2 0.487277106074 -0.6391806019
ODOMETRY -1 -1 -1
SENSOR 4 0.667034570573 1.60092550697
SENSOR 2 0.477530498275 -0.659987146852
ODOMETRY -1 -1 -1
SENSOR 4 0.673974217057 1.60038265252
SENSOR 2 0.474857516249 -0.680452841377
ODOMETRY -1 -1 -1
SENSOR 4 0.670122280571 1.5917904899
SENSOR 2 0.471519519797 -0.700972144883
ODOMETRY -1 -1 -1
SENSOR 4 0.66111695291 1.59319601691
SENSOR 2 0.467186501545 -0.700621829928
ODOMETRY -1 -1 -1
SENSOR 4 0.673284270927 1.58234776528
SENSOR 2 0.470774601861 -0.719760066399
ODOMETRY -1 -1 -1
SENSOR 4 0.667638711442 1.58361435902
SENSOR 2 0.46711544193 -0.739870309521
ODOMETRY -1 -1 -1
SENSOR 4 0.667757767238 1.57464222654
SENSOR 2 0.4613084351 -0.750827325466
ODOMETRY -1 -1 -1
SENSOR 4 0.662872464178 1.5751647939
SENSOR 2 0.4541387669 -0.771426680388
ODOMETRY -1 -1 -1
SENSOR 4 0.6743127824 1.56440797079
SENSOR 2 0.455397400185 -0.781226587167
ODOMETRY -1 -1 -1
SENSOR 4 0.675210119421 1.56509294791
SENSOR 2 0.449742090137 -0.801875717911
ODOMETRY -1 -1 -1
SENSOR 4 0.668432082866 1.55656236847
SENSOR 2 0.456147248183 -0.809465951719
ODOMETRY -1 -1 -1
SENSOR 4 0.666835949053 1.55684510957
SENSOR 2 0.452539763869 -0.829907049838
ODOMETRY -1 -1 -1
SENSOR 4 0.676381962269 1.54680904349
SENSOR 2 0.442610671878 -0.852184734546
ODOMETRY -1 -1 -1
SENSOR 4 0.666266800439 1.53921126772
SENSOR 2 0.448578611515 -0.869584368036
ODOMETRY -1 -1 -1
SENSOR 4 0.667119625577 1.53919633381
SENSOR 2 0.433853391578 -0.882070449989
ODOMETRY -1 -1 -1
SENSOR 4 0.665355199368 1.53936559554
SENSOR 2 0.439424868172 -0.890694549626
ODOMETRY -1 -1 -1
SENSOR 4 0.670473027964 1.52998646721
SENSOR 2 0.432077413607 -0.912008805462
ODOMETRY -1 -1 -1
SENSOR 4 0.665383375597 1.52154276557
SENSOR 2 0.436409348908 -0.930849262398
ODOMETRY -1 -1 -1
SENSOR 4 0.665036238835 1.52180833494
SENSOR 2 0.434089202367 -0.950297611974
ODOMETRY -1 -1 -1
SENSOR 4 0.668067517835 1.5215758499
SENSOR 2 0.424673701612 -0.972577672541
ODOMETRY -1 -1 -1
SENSOR 4 0.672996143604 1.51177415118
SENSOR 2 0.429809908788 -0.980208775646
ODOMETRY -1 -1 -1
SENSOR 4 0.665917114618 1.51279186009
SENSOR 2 0.425328854281 -1.0003770953
ODOMETRY -1 -1 -1
SENSOR 4 0.669203132467 1.50319286392
SENSOR 2 0.421066767105 -1.01109733796
ODOMETRY -1 -1 -1
SENSOR 4 0.671277031995 1.5032185236
SENSOR 2 0.42127642007 -1.03007385338
ODOMETRY -1 -1 -1
SENSOR 4 0.666318326065 1.49493300049
SENSOR 2 0.413258461439 -1.0517668009
ODOMETRY -1 -1 -1
SENSOR 4 0.673547288087 1.49436321592
SENSOR 2 0.419307301813 -1.0693983118
ODOMETRY -1 -1 -1
SENSOR 4 0.658809221524 1.48712258923
SENSOR 2 0.407769996157 -1.09166761055
ODOMETRY -1 -1 -1
SENSOR 4 0.674459338642 1.48479416029
SENSOR 2 0.412344432272 -1.1001312093
ODOMETRY -1 -1 -1
SENSOR 4 0.663265129144 1.47700345783
SENSOR 2 0.408876434938 -1.11856813309
ODOMETRY -1 -1 -1
SENSOR 4 0.673061665599 1.47646768098
SENSOR 2 0.408339119007 -1.13874957737
ODOMETRY -1 -1 -1
SENSOR 4 0.659600482013 1.46894700972
SENSOR 2 0.403206430804 -1.16038032462
ODOMETRY -1 -1 -1
SENSOR 4 0.669654018236 1.46814728267
SENSOR 2 0.410537792957 -1.17656390858
ODOMETRY -1 -1 -1
SENSOR 4 0.663634517141 1.45947181139
SENSOR 2 0.405333739639 -1.19720676695
ODOMETRY -1 -1 -1
SENSOR 4 0.667670355162 1.45886024334
SENSOR 2 0.404840179727 -1.21634687596
ODOMETRY -1 -1 -1
SENSOR 4 0.666270259561 1.45013397468
SENSOR 2 0.39798001072 -1.23756653469
ODOMETRY -1 -1 -1
SENSOR 4 0.663870199513 1.45064599928
SENSOR 2 0.402507625628 -1.25515866386
ODOMETRY -1 -1 -1
SENSOR 4 0.66155171813 1.46007911943
SENSOR 2 0.394399683364 -1.25806556864
ODOMETRY -1 -1 -1
SENSOR 4 0.671622972401 1.45828989801
SENSOR 2 0.399088104576 -1.26466346254
ODOMETRY -1 -1 -1
SENSOR 4 0.664220220843 1.46826758712
SENSOR 2 0.398797488341 -1.27466459469
ODOMETRY -1 -1 -1
SENSOR 4 0.664383515322 1.47791568585
SENSOR 2 0.397125344573 -1.27490386745
ODOMETRY -1 -1 -1
SENSOR 4 0.652698469618 1.4789710544
SENSOR 2 0.389392459365 -1.29704039882
ODOMETRY -1 -1 -1
SENSOR 4 0.65970394454 1.48710281157
SENSOR 2 0.393337138119 -1.29489462348
ODOMETRY -1 -1 -1
SENSOR 4 0.66041814862 1.49602725749
SENSOR 2 0.39445578378 -1.31392237722
ODOMETRY -1 -1 -1
SENSOR 4 0.661461595612 1.49541755552
SENSOR 2 0.386601045222 -1.31666074428
ODOMETRY -1 -1 -1
SENSOR 4 0.660625596088 1.50491196095
SENSOR 2 0.386310792626 -1.33521081303
ODOMETRY -1 -1 -1
SENSOR 4 0.660100758325 1.51338158841
SENSOR 2 0.389108514675 -1.34358126322
ODOMETRY -1 -1 -1
SENSOR 4 0.656222224072 1.52301537739
SENSOR 2 0.382870656548 -1.35520431078
ODOMETRY -1 -1 -1
SENSOR 4 0.65600224339 1.53180338114
SENSOR 2 0.385969592421 -1.36301190804
ODOMETRY -1 -1 -1
SENSOR 4 0.661680748494 1.53060997754
SENSOR 2 0.384295543507 -1.37324744014
ODOMETRY -1 -1 -1
SENSOR 4 0.658263418146 1.54072057294
SENSOR 2 0.383901267592 -1.3916146979
ODOMETRY -1 -1 -1
SENSOR 4 0.659486466613 1.54897353855
SENSOR 2 0.38303917631 -1.40152193095
ODOMETRY -1 -1 -1
SENSOR 4 0.658026297815 1.5578801866
SENSOR 2 0.380364249628 -1.42137989463
ODOMETRY -1 -1 -1
SENSOR 4 0.657687960466 1.56713556911
SENSOR 2 0.382233283608 -1.42928551716
ODOMETRY -1 -1 -1
SENSOR 4 0.659925140999 1.57582760525
SENSOR 2 0.380763139044 -1.4391762837
ODOMETRY -1 -1 -1
SENSOR 4 0.659532710826 1.58406640555
SENSOR 2 0.379665641667 -1.45764386848
ODOMETRY -1 -1 -1
SENSOR 4 0.653473335337 1.59403463091
SENSOR 2 0.38164348464 -1.47580793206
ODOMETRY -1 -1 -1
SENSOR 4 0.660508740445 1.60170348057
SENSOR 2 0.369809235659 -1.49921041692
ODOMETRY -1 -1 -1
SENSOR 4 0.654385810192 1.61179127516
SENSOR 2 0.382417817131 -1.51174399713
ODOMETRY -1 -1 -1
SENSOR 4 0.663489513584 1.61876222462
SENSOR 2 0.376308541451 -1.53303460232
ODOMETRY -1 -1 -1
SENSOR 4 0.662311616027 1.63712444231
SENSOR 2 0.374986437825 -1.55179270464
ODOMETRY -1 -1 -1
SENSOR 4 0.649902605799 1.64801870903
SENSOR 2 0.374509846605 -1.56971361387
ODOMETRY -1 -1 -1
SENSOR 4 0.66185676026 1.65454986013
SENSOR 2 0.377977079731 -1.57697257434
ODOMETRY -1 -1 -1
SENSOR 4 0.664056524769 1.66319906712
SENSOR 2 0.37850841068 -1.59394370722
ODOMETRY -1 -1 -1
SENSOR 4 0.659723685833 1.67220917176
SENSOR 2 0.379271658419 -1.61302282118
ODOMETRY -1 -1 -1
SENSOR 4 0.670826633152 1.68836497838
SENSOR 2 0.376719754491 -1.62156608497
ODOMETRY -1 -1 -1
SENSOR 4 0.66273710243 1.68903654764
SENSOR 2 0.379092594648 -1.63822966924
ODOMETRY -1 -1 -1
SENSOR 4 0.661608584156 1.70694988226
SENSOR 2 0.374114324662 -1.6583524753
ODOMETRY -1 -1 -1
SENSOR 4 0.657199870478 1.71632138525
SENSOR 2 0.37195463699 -1.67745130257
ODOMETRY -1 -1 -1
SENSOR 4 0.665068814607 1.72369607883
SENSOR 2 0.382890966684 -1.68963680703
ODOMETRY -1 -1 -1
SENSOR 4 0.668282700471 1.73213145176
SENSOR 2 0.378455347417 -1.71024666373
ODOMETRY -1 -1 -1
SENSOR 4 0.671393000439 1.74048606819
SENSOR 2 0.377464944662 -1.72744207036
ODOMETRY -1 -1 -1
SENSOR 4 0.671560626914 1.75791520241
SENSOR 2 0.3811408249 -1.7444058569
ODOMETRY -1 -1 -1
SENSOR 4 0.668619388777 1.76670588867
SENSOR 2 0.385182414262 -1.75843138094
ODOMETRY -1 -1 -1
SENSOR 4 0.673803939828 1.77493285582
SENSOR 2 0.386425732806 -1.7765258083
ODOMETRY -1 -1 -1
SENSOR 4 0.66795564636 1.78419951398
SENSOR 2 0.388464702251 -1.79261443644
ODOMETRY -1 -1 -1
SENSOR 4 0.677519483416 1.79162310369
SENSOR 2 0.386868519996 -1.81063521369
ODOMETRY -1 -1 -1
SENSOR 4 0.677545489205 1.80052836067
SENSOR 2 0.385622518702 -1.82857740643
ODOMETRY -1 -1 -1
SENSOR 4 0.682576263356 1.8077486918
SENSOR 2 0.387205218859 -1.84524866824
ODOMETRY -1 -1 -1
SENSOR 4 0.680811230028 1.82594194627
SENSOR 2 0.393413888838 -1.85949993893
ODOMETRY -1 -1 -1
SENSOR 4 0.677419444432 1.83486191068
SENSOR 2 0.392132522198 -1.87850277462
ODOMETRY -1 -1 -1
SENSOR 4 0.679159163463 1.84281883486
SENSOR 2 0.39475156487 -1.89394984063
ODOMETRY -1 -1 -1
SENSOR 4 0.686612855356 1.85053568899
SENSOR 2 0.398226334677 -1.90929262259
ODOMETRY -1 -1 -1
SENSOR 4 0.685427524847 1.85916837415
SENSOR 2 0.39979993351 -1.92512895869
ODOMETRY -1 -1 -1
SENSOR 4 0.691387404226 1.86745853021
SENSOR 2 0.400506281241 -1.94325112817
ODOMETRY -1 -1 -1
SENSOR 4 0.694757227803 1.87523196044
SENSOR 2 0.400050933154 -1.95900897013
ODOMETRY -1 -1 -1
SENSOR 4 0.693956029226 1.88405646181
SENSOR 2 0.409854148755 -1.9724956617
ODOMETRY -1 -1 -1
SENSOR 4 0.695965140082 1.90112166066
SENSOR 2 0.406730662092 -1.98138761857
ODOMETRY -1 -1 -1
SENSOR 4 0.704967454831 1.90854888746
SENSOR 2 0.412395649918 -1.99686280841
ODOMETRY -1 -1 -1
SENSOR 4 0.710364742084 1.94171452278
SENSOR 2 0.428606465179 -2.04920190065
ODOMETRY -1 -1 -1
SENSOR 4 0.714556919643 1.97501685345
SENSOR 2 0.440721303154 -2.1036726741
ODOMETRY -1 -1 -1
SENSOR 4 0.731289821966 2.01555781099
SENSOR 2 0.458423652844 -2.16435070774
ODOMETRY -1 -1 -1
SENSOR 4 0.732816622404 2.03269728385
SENSOR 2 0.463164863041 -2.17964323273
ODOMETRY -1 -1 -1
SENSOR 4 0.736604357344 2.03223819266
SENSOR 2 0.465888955469 -2.1776849677
ODOMETRY -1 -1 -1
SENSOR 4 0.742464780872 2.04848111719
SENSOR 2 0.468794281754 -2.19372567703
ODOMETRY -1 -1 -1
SENSOR 4 0.737641180177 2.04899411014
SENSOR 2 0.473114212736 -2.20911832411
ODOMETRY -1 -1 -1
SENSOR 4 0.743121336542 2.06556164844
SENSOR 2 0.468879146944 -2.21806039208
ODOMETRY -1 -1 -1
SENSOR 4 0.756830373456 2.06406307894
SENSOR 2 0.477656700074 -2.23276062237
ODOMETRY -1 -1 -1
SENSOR 4 0.754982287414 2.08098150114
SENSOR 2 0.48614370863 -2.23868404267
ODOMETRY -1 -1 -1
SENSOR 4 0.753640128229 2.08142804764
SENSOR 2 0.488169106983 -2.24609462455
ODOMETRY -1 -1 -1
SENSOR 4 0.76378048708 2.09723033963
SENSOR 2 0.491740895581 -2.26171095398
ODOMETRY -1 -1 -1
SENSOR 4 0.761104258637 2.09723076
SENSOR 2 0.501326078503 -2.26741112488
ODOMETRY -1 -1 -1
SENSOR 4 0.768633421942 2.11360059485
SENSOR 2 0.501067562541 -2.27657839573
ODOMETRY -1 -1 -1
SENSOR 4 0.766741214538 2.11347396736
SENSOR 2 0.510126034959 -2.29073600069
ODOMETRY -1 -1 -1
SENSOR 4 0.769987576217 2.12172654551
SENSOR 2 0.508889831247 -2.30700742711
ODOMETRY -1 -1 -1
SENSOR 4 0.778816153743 2.12945554045
SENSOR 2 0.518144964445 -2.30473394444
ODOMETRY -1 -1 -1
SENSOR 4 0.78300697151 2.12848759588
SENSOR 2 0.521833759826 -2.31998755209
ODOMETRY -1 -1 -1
SENSOR 4 0.7853770569 2.14545820042
SENSOR 2 0.519074110107 -2.32910621458
ODOMETRY -1 -1 -1
SENSOR 4 0.790475213968 2.14481374616
SENSOR 2 0.535667346054 -2.33439240963
ODOMETRY -1 -1 -1
SENSOR 4 0.795228551217 2.1612310308
SENSOR 2 0.538446377606 -2.34131706922
ODOMETRY -1 -1 -1
SENSOR 4 0.801217993055 2.16072091979
SENSOR 2 0.539566340597 -2.3491734308
SENSOR 1 0.737862834976 -0.464914989646
ODOMETRY -1 -1 -1
SENSOR 4 0.798291020143 2.16941687763
SENSOR 2 0.557232198553 -2.36385095143
SENSOR 1 0.7341893186 -0.465142456654
ODOMETRY -1 -1 -1
SENSOR 4 0.811880707937 2.17682954378
SENSOR 2 0.557740459655 -2.37116834564
SENSOR 1 0.734912412033 -0.474412949633
ODOMETRY -1 -1 -1
SENSOR 4 0.810571103135 2.18528080414
SENSOR 2 0.55621742113 -2.37945553483
SENSOR 1 0.724625988685 -0.474807364883
ODOMETRY -1 -1 -1
SENSOR 4 0.81634814002 2.19317319345
SENSOR 2 0.554634969854 -2.3873929589
SENSOR 1 0.719154838275 -0.484982602501
ODOMETRY -1 -1 -1
SENSOR 4 0.818927951651 2.20150273703
SENSOR 2 0.566845876152 -2.39402600815
SENSOR 1 0.717044480902 -0.485009559216
ODOMETRY -1 -1 -1
SENSOR 4 0.819416357327 2.20123334421
SENSOR 2 0.572286196093 -2.40088812198
SENSOR 1 0.704209424831 -0.485252133283
ODOMETRY -1 -1 -1
SENSOR 4 0.824713579628 2.21779344549
SENSOR 2 0.580867945346 -2.4078598841
SENSOR 1 0.702773054793 -0.494905744424
ODOMETRY -1 -1 -1
SENSOR 4 0.828115197773 2.21733603497
SENSOR 2 0.580127396622 -2.41546171867
SENSOR 1 0.698438190667 -0.504787875762
ODOMETRY -1 -1 -1
SENSOR 4 0.822463932464 2.22620414777
SENSOR 2 0.583076179327 -2.43244658574
SENSOR 1 0.694696553543 -0.504913187471
ODOMETRY -1 -1 -1
SENSOR 4 0.824778668112 2.23426256445
SENSOR 2 0.588995761808 -2.43097093956
SENSOR 1 0.683889820914 -0.50556742821
ODOMETRY -1 -1 -1
SENSOR 4 0.834008331261 2.24205241527
SENSOR 2 0.600271577088 -2.437774942
SENSOR 1 0.679552378708 -0.505094802322
ODOMETRY -1 -1 -1
SENSOR 2 0.603305262525 -2.44539140578
SENSOR 1 0.668756296848 -0.526100005587
ODOMETRY -1 -1 -1
SENSOR 2 0.604363273007 -2.45355189224
SENSOR 1 0.66870489199 -0.525704542407
ODOMETRY -1 -1 -1
SENSOR 2 0.618730332234 -2.459272671
SENSOR 1 0.661619816602 -0.52574955634
ODOMETRY -1 -1 -1
SENSOR 2 0.618076171444 -2.48434568606
SENSOR 1 0.651046118767 -0.545715808929
ODOMETRY -1 -1 -1
SENSOR 2 0.620844454694 -2.49992161814
SENSOR 1 0.654329749703 -0.564553242748
ODOMETRY -1 -1 -1
SENSOR 2 0.624669527423 -2.51554114771
SENSOR 1 0.641315245928 -0.584638710232
ODOMETRY -1 -1 -1
SENSOR 2 0.639069991174 -2.53050724693
SENSOR 1 0.637361094281 -0.594346017868
ODOMETRY -1 -1 -1
SENSOR 2 0.638522402395 -2.54648308098
SENSOR 1 0.635781450262 -0.613536587219
ODOMETRY -1 -1 -1
SENSOR 2 0.64795953753 -2.56155438052
SENSOR 1 0.629728915214 -0.623781644304
ODOMETRY -1 -1 -1
SENSOR 2 0.64587234143 -2.57810409965
SENSOR 1 0.613404925685 -0.644186925078
ODOMETRY -1 -1 -1
SENSOR 2 0.664650472306 -2.59267458844
SENSOR 1 0.60942246496 -0.663452410245
ODOMETRY -1 -1 -1
SENSOR 2 0.658852304033 -2.60886771723
SENSOR 1 0.616810076449 -0.672131554958
ODOMETRY -1 -1 -1
SENSOR 2 0.670455033178 -2.62436840691
SENSOR 1 0.601576332562 -0.692879042423
ODOMETRY -1 -1 -1
SENSOR 2 0.675274428257 -2.63991540189
SENSOR 1 0.592154718321 -0.712724752308
ODOMETRY -1 -1 -1
SENSOR 2 0.683714358952 -2.65564761196
SENSOR 1 0.594568335024 -0.731903842322
ODOMETRY -1 -1 -1
SENSOR 2 0.68956385936 -2.66329067891
SENSOR 1 0.588903818286 -0.751650056879
ODOMETRY -1 -1 -1
SENSOR 2 0.694475388955 -2.67064317403
SENSOR 1 0.579365945837 -0.761574519573
ODOMETRY -1 -1 -1
SENSOR 2 0.693013413213 -2.68695700273
SENSOR 1 0.574020173262 -0.771622161047
ODOMETRY -1 -1 -1
SENSOR 2 0.711071670397 -2.70179101552
SENSOR 1 0.570028023883 -0.791009914816
ODOMETRY -1 -1 -1
SENSOR 2 0.717529650237 -2.71760936073
SENSOR 1 0.565547047197 -0.810643241732
ODOMETRY -1 -1 -1
SENSOR 2 0.721066761525 -2.73390522741
SENSOR 1 0.557528167995 -0.830772240134
ODOMETRY -1 -1 -1
SENSOR 2 0.729078130009 -2.74972248741
SENSOR 1 0.562423927912 -0.849265958844
ODOMETRY -1 -1 -1
SENSOR 2 0.728973926267 -2.75754849978
SENSOR 1 0.556678895752 -0.869509218703
ODOMETRY -1 -1 -1
SENSOR 2 0.74901297942 -2.77248425772
SENSOR 1 0.550842993971 -0.888835897961
ODOMETRY -1 -1 -1
SENSOR 2 0.744936080058 -2.78903483874
SENSOR 1 0.548218827887 -0.908262799146
ODOMETRY -1 -1 -1
SENSOR 2 0.755055022528 -2.7964153464
SENSOR 1 0.537690566189 -0.928614092201
ODOMETRY -1 -1 -1
SENSOR 2 0.755730899504 -2.81280523844
SENSOR 1 0.538424202417 -0.94754980896
ODOMETRY -1 -1 -1
SENSOR 2 0.760766978599 -2.8205758477
SENSOR 1 0.531613529747 -0.967515186925
ODOMETRY -1 -1 -1
SENSOR 2 0.773223882951 -2.83612757518
SENSOR 1 0.532150827893 -0.986424838364
ODOMETRY -1 -1 -1
SENSOR 2 0.781587235747 -2.85235912982
SENSOR 1 0.524874625891 -1.0164788648
ODOMETRY -1 -1 -1
SENSOR 2 0.791348377483 -2.85954078499
SENSOR 1 0.526651708278 -1.03515142188
ODOMETRY -1 -1 -1
SENSOR 2 0.794969785498 -2.86730335136
SENSOR 1 0.522249659255 -1.05413177405
ODOMETRY -1 -1 -1
SENSOR 2 0.796530954633 -2.88335566961
SENSOR 1 0.516960330313 -1.07414746429
ODOMETRY -1 -1 -1
SENSOR 2 0.808020385868 -2.89993593847
SENSOR 1 0.51396473798 -1.09288857038
ODOMETRY -1 -1 -1
SENSOR 2 0.806296074974 -2.9075919528
SENSOR 1 0.510879584178 -1.11268565966
ODOMETRY -1 -1 -1
SENSOR 2 0.818611620098 -2.9152449453
SENSOR 1 0.503366299157 -1.13225741348
ODOMETRY -1 -1 -1
SENSOR 2 0.826467328919 -2.93147899875
SENSOR 1 0.504604011881 -1.15030190165
ODOMETRY -1 -1 -1
SENSOR 2 0.828904053392 -2.94789693939
SENSOR 1 0.500169893236 -1.18910494785
ODOMETRY -1 -1 -1
SENSOR 2 0.844295658947 -2.95537712367
SENSOR 1 0.497098180524 -1.2084703761
ODOMETRY -1 -1 -1
SENSOR 2 0.83743944407 -2.97169732203
SENSOR 1 0.495971930688 -1.22743447942
ODOMETRY -1 -1 -1
SENSOR 2 0.84813596461 -2.97981401797
SENSOR 1 0.49699237094 -1.24562107287
ODOMETRY -1 -1 -1
SENSOR 2 0.856308583157 -2.99587760039
SENSOR 1 0.494282912844 -1.27412786188
ODOMETRY -1 -1 -1
SENSOR 2 0.849656897199 -3.00411887626
SENSOR 1 0.491980420913 -1.29325434362
ODOMETRY -1 -1 -1
SENSOR 1 0.486585928728 -1.32214616431
ODOMETRY -1 -1 -1
SENSOR 1 0.487359984266 -1.33997013061
ODOMETRY -1 -1 -1
SENSOR 1 0.485366430684 -1.36799318729
ODOMETRY -1 -1 -1
SENSOR 1 0.486265228023 -1.38567240777
ODOMETRY -1 -1 -1
SENSOR 1 0.482646371639 -1.40494037787
ODOMETRY -1 -1 -1
SENSOR 1 0.476648207139 -1.43416835899
ODOMETRY -1 -1 -1
SENSOR 1 0.483641663507 -1.44995177706
ODOMETRY -1 -1 -1
SENSOR 1 0.48463715633 -1.45849047576
ODOMETRY -1 -1 -1
SENSOR 1 0.477904223202 -1.47845833431
ODOMETRY -1 -1 -1
SENSOR 1 0.478604928651 -1.49660221485
ODOMETRY -1 -1 -1
SENSOR 1 0.468202886162 -1.5088870977
ODOMETRY -1 -1 -1
SENSOR 1 0.474018459772 -1.51539637881
ODOMETRY -1 -1 -1
SENSOR 1 0.473137611151 -1.53312419006
ODOMETRY -1 -1 -1
SENSOR 1 0.478703917795 -1.54989270354
ODOMETRY -1 -1 -1
SENSOR 1 0.47517052614 -1.56926755058
ODOMETRY -1 -1 -1
SENSOR 1 0.478296167674 -1.56818894124
ODOMETRY -1 -1 -1
SENSOR 1 0.478046796304 -1.58595170328
ODOMETRY -1 -1 -1
SENSOR 1 0.474915064145 -1.60448230448
ODOMETRY -1 -1 -1
SENSOR 1 0.475997092505 -1.63994681082
ODOMETRY -1 -1 -1
SENSOR 1 0.472523580155 -1.6580486163
ODOMETRY -1 -1 -1
SENSOR 1 0.478804485274 -1.67399039125
ODOMETRY -1 -1 -1
SENSOR 1 0.478294882924 -1.70981191768
ODOMETRY -1 -1 -1
SENSOR 1 0.477136485455 -1.72646625723
ODOMETRY -1 -1 -1
SENSOR 1 0.479912490689 -1.75283742652
ODOMETRY -1 -1 -1
SENSOR 1 0.47903513978 -1.77880812416
ODOMETRY -1 -1 -1
SENSOR 1 0.481461405994 -1.79508376589
ODOMETRY -1 -1 -1
SENSOR 1 0.488635051785 -1.82819785527
ODOMETRY -1 -1 -1
SENSOR 1 0.483653700702 -1.84580101374
ODOMETRY -1 -1 -1
SENSOR 1 0.489269571288 -1.86157865137
ODOMETRY -1 -1 -1
SENSOR 1 0.488508636852 -1.89642373951
ODOMETRY -1 -1 -1
SENSOR 1 0.490734522795 -1.91291808698
ODOMETRY -1 -1 -1
SENSOR 1 0.495953541601 -1.92860339545
ODOMETRY -1 -1 -1
SENSOR 1 0.499064437193 -1.96175028653
ODOMETRY -1 -1 -1
SENSOR 1 0.500518324682 -1.97782863305
ODOMETRY -1 -1 -1
SENSOR 1 0.506836205033 -2.01052152371
ODOMETRY -1 -1 -1
SENSOR 1 0.503274912842 -2.04401380137
ODOMETRY -1 -1 -1
SENSOR 1 0.50877715419 -2.07687965635
ODOMETRY -1 -1 -1
SENSOR 1 0.514530930301 -2.1088769406
ODOMETRY -1 -1 -1
SENSOR 1 0.51860850228 -2.14177251771
ODOMETRY -1 -1 -1
SENSOR 1 0.515746443285 -2.16632596331
ODOMETRY -1 -1 -1
SENSOR 1 0.527107567257 -2.1888174229
ODOMETRY -1 -1 -1
SENSOR 1 0.524345559866 -2.22186516936
ODOMETRY -1 -1 -1
SENSOR 1 0.534323220938 -2.25335969383
ODOMETRY -1 -1 -1
SENSOR 1 0.533310784035 -2.2858363163
ODOMETRY -1 -1 -1
SENSOR 1 0.535500577883 -2.30910473939
ODOMETRY -1 -1 -1
SENSOR 1 0.543934006871 -2.34046952307
ODOMETRY -1 -1 -1
SENSOR 1 0.552891499904 -2.36375755403
ODOMETRY -1 -1 -1
SENSOR 1 0.557084748645 -2.39566124399
ODOMETRY -1 -1 -1
SENSOR 1 0.555744492053 -2.41979122503
ODOMETRY -1 -1 -1
SENSOR 1 0.559185204029 -2.45111615991
ODOMETRY -1 -1 -1
SENSOR 1 0.572311414916 -2.48192030131
ODOMETRY -1 -1 -1
SENSOR 1 0.579227122608 -2.50493113017
ODOMETRY -1 -1 -1
SENSOR 1 0.581598862578 -2.5285067764
ODOMETRY -1 -1 -1
SENSOR 1 0.59455878059 -2.55918269983
ODOMETRY -1 -1 -1
SENSOR 1 0.592308938719 -2.57475968809
ODOMETRY -1 -1 -1
SENSOR 1 0.594893922628 -2.60677780908
ODOMETRY -1 -1 -1
SENSOR 1 0.604725646142 -2.63815514467
ODOMETRY -1 -1 -1
SENSOR 1 0.606859523226 -2.65328652426
ODOMETRY -1 -1 -1
SENSOR 1 0.620397946087 -2.68426928833
ODOMETRY -1 -1 -1
SENSOR 1 0.619067527726 -2.7083684462
ODOMETRY -1 -1 -1
SENSOR 1 0.63139613439 -2.73134293527
ODOMETRY -1 -1 -1
SENSOR 1 0.635306940311 -2.75472589555
ODOMETRY -1 -1 -1
SENSOR 1 0.639495228865 -2.77849770966
ODOMETRY -1 -1 -1
SENSOR 1 0.654253478928 -2.80125823505
ODOMETRY -1 -1 -1
SENSOR 1 0.657760526569 -2.82529985954
ODOMETRY -1 -1 -1
SENSOR 1 0.654658881711 -2.84876818097
ODOMETRY -1 -1 -1
SENSOR 1 0.678665458078 -2.86353536026
ODOMETRY -1 -1 -1
SENSOR 1 0.671202977531 -2.89599527787
ODOMETRY -1 -1 -1
SENSOR 1 0.678871936327 -2.91146487994
ODOMETRY -1 -1 -1
SENSOR 1 0.69058607985 -2.93523926771
ODOMETRY -1 -1 -1
SENSOR 1 0.691396103434 -2.95871765703
ODOMETRY -1 -1 -1
SENSOR 1 0.706621928634 -2.97425386465
ODOMETRY -1 -1 -1
SENSOR 1 0.697507966883 -2.99831096033
ODOMETRY -1 -1 -1
SENSOR 1 0.711403402268 -3.02217866527
ODOMETRY -1 -1 -1
SENSOR 1 0.717326523273 -3.03775885266
ODOMETRY -1 -1 -1
SENSOR 1 0.726133998333 -3.06174961673
ODOMETRY -1 -1 -1
SENSOR 1 0.722589146603 -3.07792931026
ODOMETRY -1 -1 -1
SENSOR 1 0.743931977536 -3.10128476015
ODOMETRY -1 -1 -1
SENSOR 1 0.74666376237 -3.1258635987
ODOMETRY -1 -1 -1
SENSOR 1 0.750268960081 3.14142165655
ODOMETRY -1 -1 -1
SENSOR 1 0.753906595962 3.12565794031
ODOMETRY -1 -1 -1
SENSOR 1 0.772088950946 3.10146807112
ODOMETRY -1 -1 -1
SENSOR 1 0.771904691599 3.07714487785
ODOMETRY -1 -1 -1
SENSOR 1 0.785426258197 3.06096792452
ODOMETRY -1 -1 -1
SENSOR 1 0.78939492165 3.04508819402
ODOMETRY -1 -1 -1
SENSOR 1 0.798359956235 3.0288919182
ODOMETRY -1 -1 -1
SENSOR 1 0.796984897833 3.01269633336
ODOMETRY -1 -1 -1
SENSOR 1 0.804881888133 2.98846203493
ODOMETRY -1 -1 -1
SENSOR 1 0.819788205332 2.96365637329
ODOMETRY -1 -1 -1
SENSOR 1 0.827434102672 2.94743523228
ODOMETRY -1 -1 -1
SENSOR 1 0.831265265305 2.93143628057
ODOMETRY -1 -1 -1
SENSOR 1 0.826657813621 2.91546451096
ODOMETRY -1 -1 -1
SENSOR 1 0.847508536208 2.89848470034
ODOMETRY -1 -1 -1
SENSOR 1 0.848230308587 2.87409202261
ODOMETRY -1 -1 -1
SENSOR 1 0.849025416998 2.86603847837
ODOMETRY -1 -1 -1
SENSOR 1 0.854181594327 2.84160719085
ODOMETRY -1 -1 -1
SENSOR 1 0.850469807602 2.82549713016
ODOMETRY -1 -1 -1
ODOMETRY -1 -1 -1
ODOMETRY -1 -1 -1
ODOMETRY -1 -1 -1
ODOMETRY -1 -1 -1
ODOMETRY -1 -1 -1
ODOMETRY -1 -1 -1
ODOMETRY -1 -1 -1
ODOMETRY -1 -1 -1
ODOMETRY -1 -1 -1
ODOMETRY -1 -1 -1
ODOMETRY -1 -1 -1
ODOMETRY -1 -1 -1
ODOMETRY -1 -1 -1
ODOMETRY -1 -1 -1
ODOMETRY -1 -1 -1
ODOMETRY -1 -1 -1
ODOMETRY -1 -1 -1
ODOMETRY -1 -1 -1
ODOMETRY -1 -1 -1
ODOMETRY -1 -1 -1
ODOMETRY -1 -1 -1
