0.01 0.0 0.0 0.139389038086
0.01 0.0 0.0 0.100996017456
0.01 0.0 0.0 0.100038051605
0.01 0.0 0.0 0.100075006485
0.01 0.0 0.0 0.0998978614807
0.01 0.0 0.0 0.10098195076
0.01 0.0 0.0 0.100008010864
0.01 0.0 0.0 0.100177049637
0.01 0.0 0.0 0.099867105484
0.01 0.0 0.0 0.099996805191
0.01 0.0 0.0 0.100047111511
0.01 0.0 0.0 0.100899934769
0.01 0.0 0.0 0.10004901886
0.01 0.0 0.0 0.099004983902
0.01 0.0 0.0 0.100960969925
0.01 0.0 0.0 0.100033044815
0.01 0.0 0.0 0.100994110107
0.015 0.0 0.0 0.0949668884277
0.02 0.0 0.0 0.100008010864
0.02 0.0 0.0 0.100998163223
0.02 0.0 0.0 0.100001811981
0.02 0.0 0.0 0.0999779701233
0.02 0.0 0.0 0.100023984909
0.02 0.0 0.0 0.100040197372
0.02 0.0 0.0 0.100952863693
0.02 0.0 0.0 0.099995136261
0.02 0.0 0.0 0.100117921829
0.02 0.0 0.0 0.0999250411987
0.02 0.0 0.0 0.0999629497528
0.02 0.0 0.0 0.101103067398
0.02 0.0 0.0 0.0999908447266
0.02 0.0 0.0 0.0989170074463
0.02 0.0 0.0 0.100984096527
0.02 0.0 0.0 0.100053071976
0.02 0.0 0.0 0.100052833557
0.02 0.0 0.0 0.100900173187
0.02 0.0 0.0 0.0999848842621
0.025 0.0 0.0 0.0598640441895
0.03 0.0 0.0 0.100025892258
0.03 0.0 0.0 0.100043058395
0.03 0.0 0.0 0.101464986801
0.03 0.0 0.0 0.0991599559784
0.03 0.0 0.0 0.0997180938721
0.03 0.0 0.0 0.0999500751495
0.03 0.0 0.0 0.100807905197
0.03 0.0 0.0 0.099534034729
0.03 0.0 0.0 0.0999209880829
0.03 0.0 0.0 0.099916934967
0.03 0.0 0.0 0.10003900528
0.03 0.0 0.0 0.100073099136
0.03 0.0 0.0 0.100192070007
0.03 0.0 0.0 0.0999238491058
0.03 0.0 0.0 0.1000020504
0.03 0.0 0.0 0.099977016449
0.03 0.0 0.0 0.100456953049
0.03 0.0 0.0 0.100018978119
0.03 0.0 0.0 0.0998420715332
0.03 0.0 0.0 0.10001206398
0.03 0.0 0.0 0.100072860718
0.03 0.0 0.0 0.100038051605
0.03 0.0 0.0 0.100001096725
0.03 0.0 0.0 0.10013794899
0.03 0.0 0.0 0.10039305687
0.03 0.0 0.0 0.101341962814
0.03 0.0 0.0 0.0989680290222
0.03 0.0 0.0 0.100119829178
0.03 0.0 0.0 0.0996551513672
0.03 0.0 0.0 0.100364923477
0.03 0.0 0.0 0.0996770858765
0.03 0.0 0.0 0.100164890289
0.03 0.0 0.0 0.100024938583
0.03 0.0 0.0 0.100021123886
0.03 0.0 0.0 0.0998828411102
0.03 0.0 0.0 0.10001206398
0.03 0.0 0.0 0.100444078445
0.03 0.0 0.0 0.0998029708862
0.03 0.0 0.0 0.0999898910522
0.03 0.0 0.0 0.100394010544
0.03 0.0 0.0 0.0997951030731
0.03 0.0 0.0 0.0999300479889
0.03 0.0 0.0 0.100008010864
0.03 0.0 0.0 0.099977016449
0.03 0.0 0.0 0.100096940994
0.03 0.0 0.0 0.100135087967
0.03 0.0 0.0 0.100990772247
0.03 0.0 0.0 0.0995101928711
0.03 0.0 0.0 0.099702835083
0.03 0.0 0.0 0.100982189178
0.03 0.0 0.0 0.0996689796448
0.03 0.0 0.0 0.099583864212
0.03 0.0 0.0 0.099888086319
0.03 0.0 0.1 0.105298042297
0.03 0.0 0.1 0.100036859512
0.03 0.0 0.1 0.0999760627747
0.03 0.0 0.1 0.0999898910522
0.03 0.0 0.1 0.100165128708
0.03 0.0 0.1 0.0999040603638
0.03 0.0 0.1 0.100903987885
0.03 0.0 0.1 0.100162029266
0.03 0.0 0.1 0.100104808807
0.03 0.0 0.1 0.0998201370239
0.03 0.0 0.1 0.0999250411987
0.03 0.0 0.1 0.101007938385
0.03 0.0 0.1 0.100008010864
0.03 0.0 0.1 0.0990030765533
0.03 0.0 0.1 0.101008892059
0.03 0.0 0.1 0.0999910831451
0.03 0.0 0.1 0.100994825363
0.03 0.0 0.1 0.100001096725
0.03 0.0 0.1 0.0999779701233
0.03 0.0 0.1 0.100160121918
0.03 0.0 0.1 0.0998919010162
0.03 0.0 0.1 0.100059986115
0.03 0.0 0.1 0.100888967514
0.03 0.0 0.1 0.100098133087
0.03 0.0 0.1 0.0999779701233
0.03 0.0 0.1 0.100036859512
0.03 0.0 0.1 0.100006103516
0.03 0.0 0.1 0.0998930931091
0.03 0.0 0.1 0.0999929904938
0.03 0.0 0.1 0.101009845734
0.03 0.0 0.1 0.100006103516
0.03 0.0 0.1 0.0999898910522
0.03 0.0 0.1 0.100018978119
0.03 0.0 0.1 0.0999941825867
0.03 0.0 0.1 0.100994825363
0.03 0.0 0.1 0.0989789962769
0.03 0.0 0.1 0.101022958755
0.03 0.0 0.1 0.100011110306
0.03 0.0 0.1 0.100003004074
0.03 0.0 0.1 0.100992918015
0.03 0.0 0.1 0.099974155426
0.03 0.0 0.1 0.100096940994
0.03 0.0 0.1 0.0999050140381
0.03 0.0 0.1 0.101011037827
0.03 0.0 0.1 0.100008964539
0.03 0.0 0.1 0.100063085556
0.03 0.0 0.1 0.0999729633331
0.03 0.0 0.1 0.0999548435211
0.03 0.0 0.1 0.0990040302277
0.03 0.0 0.1 0.101001024246
0.03 0.0 0.1 0.0999929904938
0.03 0.0 0.1 0.100986003876
0.03 0.0 0.1 0.100021123886
0.03 0.0 0.1 0.100003957748
0.03 0.0 0.1 0.0999948978424
0.03 0.0 0.1 0.100998163223
0.03 0.0 0.1 0.100108861923
0.03 0.0 0.1 0.0998840332031
0.03 0.0 0.1 0.100039958954
0.03 0.0 0.1 0.100058078766
0.03 0.0 0.1 0.100930929184
0.03 0.0 0.1 0.0999801158905
0.03 0.0 0.1 0.100003957748
0.03 0.0 0.1 0.100023031235
0.03 0.0 0.1 0.0999670028687
0.03 0.0 0.1 0.10104393959
0.03 0.0 0.1 0.0999600887299
0.03 0.0 0.1 0.100012779236
0.03 0.0 0.1 0.0989761352539
0.03 0.0 0.1 0.1001329422
0.03 0.0 0.1 0.0998840332031
0.03 0.0 0.1 0.101005077362
0.03 0.0 0.1 0.100001811981
0.03 0.0 0.1 0.100976228714
0.03 0.0 0.1 0.100003957748
0.03 0.0 0.1 0.100044965744
0.03 0.0 0.1 0.100010871887
0.03 0.0 0.1 0.0999829769135
0.03 0.0 0.1 0.101054191589
0.03 0.0 0.1 0.100040912628
0.03 0.0 0.1 0.100018024445
0.03 0.0 0.1 0.0998449325562
0.03 0.0 0.1 0.099014043808
0.03 0.0 0.1 0.101054906845
0.03 0.0 0.1 0.100957155228
0.03 0.0 0.1 0.0999889373779
0.03 0.0 0.1 0.0999970436096
0.03 0.0 0.1 0.100014925003
0.03 0.0 0.1 0.100980997086
0.03 0.0 0.1 0.0999910831451
0.03 0.0 0.1 0.0999948978424
0.03 0.0 0.1 0.100052118301
0.03 0.0 0.1 0.0999598503113
0.03 0.0 0.1 0.100036144257
0.03 0.0 0.1 0.100103855133
0.03 0.0 0.1 0.100975990295
0.03 0.0 0.1 0.0999300479889
0.03 0.0 0.1 0.0999600887299
0.03 0.0 0.1 0.100048065186
0.03 0.0 0.1 0.101039886475
0.03 0.0 0.1 0.1000020504
0.03 0.0 0.1 0.100004911423
0.03 0.0 0.1 0.0998840332031
0.03 0.0 0.1 0.100001096725
0.03 0.0 0.1 0.100011825562
0.03 0.0 0.1 0.100000143051
0.03 0.0 0.1 0.0999979972839
0.03 0.0 0.1 0.101009845734
0.03 0.0 0.1 0.0989952087402
0.03 0.0 0.1 0.101024866104
0.03 0.0 0.1 0.0999789237976
0.03 0.0 0.1 0.100978136063
0.03 0.0 0.1 0.100018024445
0.03 0.0 0.1 0.0999858379364
0.03 0.0 0.1 0.1000020504
0.03 0.0 0.1 0.101161956787
0.03 0.0 0.1 0.0998511314392
0.03 0.0 0.1 0.100125074387
0.03 0.0 0.1 0.100003004074
0.03 0.0 0.1 0.0999209880829
0.03 0.0 0.1 0.100933790207
0.03 0.0 0.1 0.100038051605
0.03 0.0 0.1 0.0989849567413
0.03 0.0 0.1 0.100980043411
0.03 0.0 0.1 0.100061178207
0.03 0.0 0.1 0.100048780441
0.03 0.0 0.1 0.0999472141266
0.03 0.0 0.1 0.0999608039856
0.03 0.0 0.1 0.101056098938
0.03 0.0 0.1 0.100056886673
0.03 0.0 0.1 0.0999581813812
0.03 0.0 0.1 0.0999369621277
0.03 0.0 0.1 0.100982904434
0.03 0.0 0.1 0.0999920368195
0.03 0.0 0.1 0.10002207756
0.03 0.0 0.1 0.0999870300293
0.03 0.0 0.1 0.100093841553
0.03 0.0 0.1 0.100957155228
0.03 0.0 0.1 0.0990350246429
0.03 0.0 0.1 0.100980997086
0.03 0.0 0.1 0.0999479293823
0.03 0.0 0.1 0.099977016449
0.03 0.0 0.1 0.101040840149
0.03 0.0 0.1 0.0999929904938
0.03 0.0 0.1 0.0999870300293
0.03 0.0 0.1 0.0999979972839
0.03 0.0 0.1 0.100005149841
0.03 0.0 0.1 0.0999848842621
0.03 0.0 0.1 0.101001977921
0.03 0.0 0.1 0.0999941825867
0.03 0.0 0.1 0.100045919418
0.03 0.0 0.1 0.100108861923
0.03 0.0 0.1 0.0999801158905
0.03 0.0 0.1 0.0998589992523
0.03 0.0 0.1 0.100049972534
0.03 0.0 0.1 0.100945949554
0.03 0.0 0.1 0.100010156631
0.03 0.0 0.1 0.100033998489
0.03 0.0 0.1 0.0999989509583
0.03 0.0 0.1 0.100935935974
0.03 0.0 0.1 0.100036144257
0.03 0.0 0.1 0.0990438461304
0.03 0.0 0.05 0.0869591236115
0.03 0.0 0.0 0.100014925003
0.03 0.0 0.0 0.10103392601
0.03 0.0 0.0 0.0999619960785
0.03 0.0 0.0 0.099995136261
0.03 0.0 0.0 0.0999929904938
0.03 0.0 0.0 0.101001977921
0.03 0.0 0.0 0.100005865097
0.035 0.0 0.0 0.0870790481567
0.04 0.0 0.0 0.100160121918
0.04 0.0 0.0 0.100013017654
0.04 0.0 0.0 0.0999989509583
0.04 0.0 0.0 0.10014295578
0.04 0.0 0.0 0.0999269485474
0.04 0.0 0.0 0.1007771492
0.04 0.0 0.0 0.0996098518372
0.04 0.0 0.0 0.100016117096
0.04 0.0 0.0 0.10051202774
0.04 0.0 0.0 0.100559949875
0.04 0.0 0.0 0.0992980003357
0.04 0.0 0.0 0.0998809337616
0.04 0.0 0.0 0.0998709201813
0.04 0.0 0.0 0.0999760627747
0.04 0.0 0.0 0.100064992905
0.04 0.0 0.0 0.100135087967
0.04 0.0 0.0 0.0999350547791
0.04 0.0 0.0 0.100101947784
0.04 0.0 0.0 0.100082874298
0.04 0.0 0.0 0.100078105927
0.04 0.0 0.0 0.100028038025
0.04 0.0 0.0 0.100013017654
0.04 0.0 0.0 0.100296020508
0.04 0.0 0.0 0.0999228954315
0.04 0.0 0.0 0.0999519824982
0.04 0.0 0.0 0.100283145905
0.04 0.0 0.0 0.100016832352
0.04 0.0 0.0 0.0999040603638
0.04 0.0 0.0 0.0999670028687
0.04 0.0 0.0 0.100018024445
0.05 0.0 0.0 0.107543945312
0.05 0.0 0.0 0.099818944931
0.05 0.0 0.0 0.101001977921
0.05 0.0 0.0 0.098042011261
0.05 0.0 0.0 0.10095500946
0.05 0.0 0.0 0.101011991501
0.05 0.0 0.0 0.0989971160889
0.05 0.0 0.0 0.101027965546
0.05 0.0 0.0 0.0999829769135
0.05 0.0 0.0 0.0999870300293
0.05 0.0 0.0 0.101116895676
0.05 0.0 0.0 0.0999171733856
0.05 0.0 0.0 0.0999748706818
0.05 0.0 0.0 0.0999960899353
0.05 0.0 0.0 0.0989968776703
0.05 0.0 0.0 0.10000705719
0.05 0.0 0.0 0.100992918015
0.05 0.0 0.0 0.101009130478
0.05 0.0 0.0 0.0999898910522
0.05 0.0 0.0 0.100992202759
0.05 0.0 0.0 0.100049972534
0.05 0.0 0.0 0.0999917984009
0.05 0.0 0.0 0.0999660491943
0.05 0.0 0.0 0.0999960899353
0.05 0.0 0.0 0.101059913635
0.05 0.0 0.0 0.0999250411987
0.05 0.0 0.0 0.100147008896
0.05 0.0 0.0 0.0998780727386
0.05 0.0 0.0 0.0999948978424
0.055 0.0 0.0 0.0930500030518
0.06 0.0 0.0 0.100953102112
0.06 0.0 0.0 0.0999889373779
0.06 0.0 0.0 0.100043058395
0.06 0.0 0.0 0.0999660491943
0.06 0.0 0.0 0.100015878677
0.06 0.0 0.0 0.100996017456
0.06 0.0 0.0 0.0999939441681
0.06 0.0 0.0 0.100044965744
0.06 0.0 0.0 0.100033998489
0.06 0.0 0.0 0.0999181270599
0.06 0.0 0.0 0.101007938385
0.06 0.0 0.0 0.100001096725
0.06 0.0 0.0 0.100091934204
0.06 0.0 0.0 0.0998890399933
0.06 0.0 0.0 0.100005865097
0.06 0.0 0.0 0.100021123886
0.06 0.0 0.0 0.100965023041
0.06 0.0 0.0 0.100144863129
0.06 0.0 0.0 0.0998470783234
0.06 0.0 0.0 0.10001707077
0.06 0.0 0.0 0.0989990234375
0.06 0.0 0.0 0.100005865097
0.06 0.0 0.0 0.101045131683
0.06 0.0 0.0 0.100989818573
0.06 0.0 0.0 0.0999591350555
0.06 0.0 0.0 0.100000858307
0.06 0.0 0.0 0.100103139877
0.06 0.0 0.0 0.100956916809
0.06 0.0 0.0 0.0999410152435
0.06 0.0 0.0 0.099133014679
0.06 0.0 0.0 0.0999059677124
0.06 0.0 0.0 0.100960969925
0.06 0.0 0.0 0.100023984909
0.06 0.0 0.0 0.101044178009
0.06 0.0 0.0 0.100036859512
0.06 0.0 0.0 0.0998980998993
0.06 0.0 0.0 0.100008964539
0.06 0.0 0.0 0.100993871689
0.06 0.0 0.0 0.100020170212
0.06 0.0 0.0 0.0999779701233
0.06 0.0 0.0 0.0999989509583
0.06 0.0 0.0 0.100138902664
0.06 0.0 0.0 0.0998730659485
0.06 0.0 0.0 0.100970983505
0.06 0.0 0.0 0.0990209579468
0.06 0.0 0.0 0.10011100769
0.06 0.0 0.0 0.100885152817
0.06 0.0 0.0 0.10098695755
0.06 0.0 0.0 0.100006103516
0.06 0.0 0.0 0.100000858307
0.06 0.0 0.0 0.100057125092
0.06 0.0 0.0 0.100033998489
0.06 0.0 0.0 0.101027011871
0.06 0.0 0.0 0.0998950004578
0.06 0.0 0.0 0.0999917984009
0.06 0.0 0.0 0.100023031235
0.06 0.0 0.0 0.0999820232391
0.06 0.0 0.0 0.100000143051
0.06 0.0 0.0 0.099996805191
0.06 0.0 0.0 0.101030111313
0.06 0.0 0.0 0.099977016449
0.06 0.0 0.0 0.100008010864
0.06 0.0 0.0 0.100008010864
0.06 0.0 0.0 0.0999798774719
0.055 0.0 0.0 0.088299036026
0.05 0.0 0.0 0.0998930931091
0.05 0.0 0.0 0.0999748706818
0.05 0.0 0.0 0.100003004074
0.05 0.0 0.0 0.100145101547
0.05 0.0 0.0 0.100098848343
0.05 0.0 0.0 0.100405216217
0.05 0.0 0.0 0.0998528003693
0.05 0.0 0.0 0.099906206131
0.05 0.0 0.0 0.100415945053
0.05 0.0 0.0 0.0998349189758
0.05 0.0 0.0 0.0998950004578
0.045 0.0 0.0 0.100219964981
0.04 0.0 0.0 0.0999310016632
0.04 0.0 0.0 0.0999729633331
0.04 0.0 0.0 0.100080013275
0.04 0.0 0.0 0.100004196167
0.04 0.0 0.1 0.120054960251
0.04 0.0 0.1 0.0999979972839
0.04 0.0 0.1 0.10004401207
0.04 0.0 0.1 0.0999619960785
0.04 0.0 0.1 0.100165843964
0.04 0.0 0.1 0.100924015045
0.04 0.0 0.1 0.100047111511
0.04 0.0 0.1 0.0999710559845
0.04 0.0 0.1 0.0999758243561
0.04 0.0 0.1 0.10099697113
0.04 0.0 0.1 0.099925994873
0.04 0.0 0.1 0.100126028061
0.04 0.0 0.1 0.0998740196228
0.04 0.0 0.1 0.100996017456
0.04 0.0 0.1 0.100000143051
0.04 0.0 0.1 0.100001811981
0.04 0.0 0.1 0.0989921092987
0.04 0.0 0.1 0.100997924805
0.04 0.0 0.1 0.10004901886
0.04 0.0 0.1 0.100990056992
0.04 0.0 0.1 0.099956035614
0.04 0.0 0.1 0.100008964539
0.04 0.0 0.1 0.1000020504
0.04 0.0 0.05 0.0775718688965
0.04 0.0 0.0 0.099967956543
0.04 0.0 0.0 0.0999090671539
0.04 0.0 0.0 0.100006103516
0.04 0.0 0.0 0.100018978119
0.04 0.0 0.0 0.100124835968
0.04 0.0 0.0 0.0999720096588
0.04 0.0 0.0 0.10050201416
0.04 0.0 0.0 0.100188016891
0.04 0.0 0.0 0.0998270511627
0.04 0.0 0.0 0.0998220443726
0.04 0.0 0.0 0.100422859192
0.04 0.0 0.0 0.100028038025
0.04 0.0 0.0 0.0999159812927
0.04 0.0 0.0 0.0997941493988
0.04 0.0 0.0 0.100056886673
0.04 0.0 0.0 0.100043058395
0.04 0.0 0.0 0.100388050079
0.04 0.0 0.0 0.09974193573
0.04 0.0 0.0 0.100037097931
0.04 0.0 0.0 0.0999989509583
0.04 0.0 0.0 0.100008010864
0.04 0.0 0.0 0.100584983826
0.04 0.0 0.0 0.100342988968
0.04 0.0 0.0 0.0995979309082
0.04 0.0 0.0 0.0998930931091
0.04 0.0 0.0 0.099907875061
0.04 0.0 0.0 0.100089073181
0.04 0.0 0.0 0.100080966949
0.04 0.0 0.0 0.100672006607
0.04 0.0 0.0 0.100331068039
0.04 0.0 0.0 0.100431919098
0.04 0.0 0.0 0.100417137146
0.04 0.0 0.0 0.0991299152374
0.04 0.0 0.0 0.099592924118
0.04 0.0 0.0 0.100061178207
0.04 0.0 0.0 0.0999348163605
0.04 0.0 0.0 0.099925994873
0.04 0.0 0.0 0.100054979324
0.04 0.0 0.0 0.100476026535
0.04 0.0 0.0 0.0997371673584
0.04 0.0 0.0 0.101354837418
0.04 0.0 0.0 0.0991129875183
0.04 0.0 0.0 0.099760055542
0.04 0.0 0.0 0.0999391078949
0.04 0.0 0.0 0.100055932999
0.04 0.0 0.0 0.10003900528
0.04 0.0 0.0 0.0999701023102
0.04 0.0 0.0 0.10019993782
0.04 0.0 0.0 0.099967956543
0.04 0.0 0.0 0.100038051605
0.04 0.0 0.0 0.10004901886
0.04 0.0 0.0 0.100185871124
0.04 0.0 0.0 0.100227117538
0.04 0.0 0.0 0.0999779701233
0.04 0.0 0.1 0.111508846283
0.04 0.0 0.1 0.100005149841
0.04 0.0 0.1 0.10000705719
0.04 0.0 0.1 0.0999820232391
0.04 0.0 0.1 0.100025892258
0.04 0.0 0.1 0.10101890564
0.04 0.0 0.1 0.0999701023102
0.04 0.0 0.1 0.0999989509583
0.04 0.0 0.1 0.099002122879
0.04 0.0 0.1 0.100998878479
0.04 0.0 0.1 0.100996017456
0.04 0.0 0.1 0.10001206398
0.04 0.0 0.1 0.100000858307
0.04 0.0 0.1 0.0999929904938
0.04 0.0 0.1 0.100994110107
0.04 0.0 0.1 0.0999989509583
0.04 0.0 0.1 0.1000020504
0.04 0.0 0.1 0.1000020504
0.04 0.0 0.1 0.10005903244
0.04 0.0 0.1 0.101032018661
0.04 0.0 0.1 0.0999758243561
0.04 0.0 0.1 0.0999419689178
0.04 0.0 0.1 0.0989890098572
0.04 0.0 0.1 0.101049184799
0.04 0.0 0.1 0.0999507904053
0.04 0.0 0.1 0.101031064987
0.04 0.0 0.1 0.0989789962769
0.04 0.0 0.1 0.100996017456
0.04 0.0 0.1 0.1000020504
0.04 0.0 0.1 0.10099697113
0.04 0.0 0.1 0.0991249084473
0.04 0.0 0.1 0.100878000259
0.04 0.0 0.1 0.10003900528
0.04 0.0 0.1 0.0999631881714
0.04 0.0 0.1 0.101024866104
0.04 0.0 0.1 0.100001096725
0.04 0.0 0.1 0.100005865097
0.04 0.0 0.1 0.0999941825867
0.04 0.0 0.1 0.0999879837036
0.04 0.0 0.1 0.0999748706818
0.04 0.0 0.1 0.101001977921
0.04 0.0 0.1 0.10000705719
0.04 0.0 0.1 0.0990068912506
0.04 0.0 0.1 0.099986076355
0.04 0.0 0.1 0.100999116898
0.04 0.0 0.1 0.100008964539
0.04 0.0 0.1 0.10098695755
0.04 0.0 0.1 0.1000020504
0.04 0.0 0.1 0.100008010864
0.04 0.0 0.1 0.1000020504
0.04 0.0 0.1 0.0999889373779
0.04 0.0 0.1 0.100987911224
0.04 0.0 0.1 0.100016117096
0.04 0.0 0.1 0.100051879883
0.04 0.0 0.1 0.0999870300293
0.04 0.0 0.1 0.0999519824982
0.04 0.0 0.1 0.100088119507
0.04 0.0 0.1 0.100991010666
0.04 0.0 0.1 0.099925994873
0.04 0.0 0.1 0.100014925003
0.04 0.0 0.1 0.0999870300293
0.04 0.0 0.1 0.100000858307
0.04 0.0 0.1 0.100997209549
0.04 0.0 0.1 0.100001811981
0.04 0.0 0.1 0.100008010864
0.04 0.0 0.1 0.10000705719
0.04 0.0 0.1 0.0999970436096
0.04 0.0 0.1 0.10099196434
0.04 0.0 0.1 0.0999789237976
0.04 0.0 0.1 0.100049972534
0.04 0.0 0.1 0.100068092346
0.04 0.0 0.1 0.100004911423
0.04 0.0 0.1 0.0999710559845
0.04 0.0 0.1 0.100934028625
0.04 0.0 0.1 0.0999970436096
0.04 0.0 0.1 0.100004911423
0.04 0.0 0.1 0.0990259647369
0.04 0.0 0.1 0.100983142853
0.04 0.0 0.1 0.100980997086
0.04 0.0 0.1 0.100008010864
0.04 0.0 0.1 0.0999989509583
0.04 0.0 0.1 0.0999979972839
0.04 0.0 0.1 0.0989880561829
0.04 0.0 0.1 0.101008892059
0.04 0.0 0.1 0.101010084152
0.04 0.0 0.1 0.0989890098572
0.04 0.0 0.1 0.100008010864
0.04 0.0 0.1 0.101001024246
0.04 0.0 0.1 0.100168943405
0.04 0.0 0.1 0.100816965103
0.04 0.0 0.1 0.100006103516
0.04 0.0 0.1 0.0999939441681
0.04 0.0 0.1 0.1000020504
0.04 0.0 0.1 0.100001811981
0.04 0.0 0.1 0.100004196167
0.04 0.0 0.1 0.0990149974823
0.04 0.0 0.1 0.101083993912
0.04 0.0 0.1 0.100957870483
0.04 0.0 0.1 0.0999519824982
0.04 0.0 0.1 0.101014137268
0.04 0.0 0.1 0.0989758968353
0.04 0.0 0.1 0.100989103317
0.04 0.0 0.1 0.100000858307
0.04 0.0 0.1 0.100028038025
0.04 0.0 0.1 0.100965976715
0.04 0.0 0.1 0.0990149974823
0.04 0.0 0.1 0.101001977921
0.04 0.0 0.1 0.100028038025
0.04 0.0 0.1 0.100078105927
0.04 0.0 0.1 0.100951910019
0.04 0.0 0.1 0.0999460220337
0.04 0.0 0.1 0.0999970436096
0.04 0.0 0.1 0.100168943405
0.04 0.0 0.1 0.0998389720917
0.04 0.0 0.1 0.0999939441681
0.04 0.0 0.1 0.100999116898
0.04 0.0 0.1 0.0999970436096
0.04 0.0 0.1 0.100039958954
0.04 0.0 0.1 0.0999460220337
0.04 0.0 0.1 0.100013971329
0.04 0.0 0.1 0.101000070572
0.04 0.0 0.1 0.0999999046326
0.04 0.0 0.1 0.100110054016
0.04 0.0 0.1 0.0998909473419
0.04 0.0 0.1 0.0999979972839
0.04 0.0 0.1 0.100013017654
0.04 0.0 0.1 0.100013017654
0.04 0.0 0.1 0.101103067398
0.04 0.0 0.1 0.100000858307
0.04 0.0 0.1 0.099869966507
0.04 0.0 0.1 0.100998163223
0.04 0.0 0.1 0.10004401207
0.04 0.0 0.1 0.0999729633331
0.04 0.0 0.1 0.0999839305878
0.04 0.0 0.1 0.100003004074
0.04 0.0 0.1 0.100991010666
0.04 0.0 0.1 0.100003957748
0.04 0.0 0.05 0.0698380470276
0.04 0.0 0.0 0.100089073181
0.04 0.0 0.0 0.100026845932
0.04 0.0 0.0 0.100589036942
0.04 0.0 0.0 0.100274085999
0.04 0.0 0.0 0.0997090339661
0.04 0.0 0.0 0.0999150276184
0.04 0.0 0.0 0.0999238491058
0.04 0.0 0.0 0.0999341011047
0.04 0.0 0.0 0.100119829178
0.04 0.0 0.0 0.0999820232391
0.04 0.0 0.0 0.100005149841
0.04 0.0 0.0 0.10009098053
0.04 0.0 0.0 0.0999848842621
0.04 0.0 0.0 0.100121021271
0.04 0.0 0.0 0.0999720096588
0.04 0.0 0.0 0.100103139877
0.04 0.0 0.0 0.0999698638916
0.04 0.0 0.0 0.100029945374
0.04 0.0 0.0 0.100664138794
0.04 0.0 0.0 0.099869966507
0.04 0.0 0.0 0.0998349189758
0.04 0.0 0.0 0.100064992905
0.04 0.0 0.0 0.100455999374
0.04 0.0 0.0 0.0997321605682
0.04 0.0 0.0 0.0999279022217
0.04 0.0 0.0 0.100033998489
0.04 0.0 0.0 0.0999519824982
0.04 0.0 0.0 0.100099086761
0.04 0.0 0.0 0.100702047348
0.04 0.0 0.0 0.0996038913727
0.04 0.0 0.0 0.0999820232391
0.04 0.0 0.0 0.100329875946
0.04 0.0 0.0 0.0998020172119
0.04 0.0 0.0 0.100139141083
0.04 0.0 0.0 0.099916934967
0.04 0.0 0.0 0.101090908051
0.04 0.0 0.0 0.0993850231171
0.04 0.0 0.0 0.0996899604797
0.04 0.0 0.0 0.0999321937561
0.04 0.0 0.0 0.100037813187
0.04 0.0 0.0 0.100128173828
0.04 0.0 0.0 0.100038051605
0.04 0.0 0.0 0.100021839142
0.04 0.0 0.0 0.100913047791
0.04 0.0 0.0 0.100125074387
0.04 0.0 0.0 0.099426984787
0.04 0.0 0.0 0.0999460220337
0.04 0.0 0.0 0.0999808311462
0.04 0.0 0.0 0.0999710559845
0.04 0.0 0.0 0.0999879837036
0.04 0.0 0.0 0.100250959396
0.04 0.0 0.0 0.100396156311
0.04 0.0 0.0 0.0997710227966
0.04 0.0 0.0 0.100293874741
0.04 0.0 0.0 0.10010099411
0.04 0.0 0.0 0.0996649265289
0.04 0.0 0.0 0.100114107132
0.04 0.0 0.0 0.099848985672
0.04 0.0 0.0 0.100109100342
0.04 0.0 0.0 0.100003957748
0.04 0.0 0.0 0.101140022278
0.04 0.0 0.0 0.0993759632111
0.04 0.0 0.0 0.100069999695
0.04 0.0 0.0 0.0997688770294
0.04 0.0 0.0 0.100074052811
0.04 0.0 0.0 0.100033044815
0.04 0.0 0.0 0.100003957748
0.04 0.0 0.0 0.100013971329
0.04 0.0 0.0 0.100849151611
0.04 0.0 0.0 0.0995500087738
0.04 0.0 0.0 0.0999789237976
0.04 0.0 0.0 0.0999028682709
0.04 0.0 0.0 0.0999381542206
0.04 0.0 0.0 0.100003004074
0.04 0.0 0.0 0.100869894028
0.04 0.0 0.0 0.0996530056
0.04 0.0 0.0 0.0999050140381
0.04 0.0 0.0 0.0999600887299
0.04 0.0 0.0 0.0999970436096
0.04 0.0 0.1 0.112900972366
0.04 0.0 0.1 0.1000020504
0.04 0.0 0.1 0.100052833557
0.04 0.0 0.1 0.101032972336
0.04 0.0 0.1 0.0999879837036
0.04 0.0 0.1 0.0999231338501
0.04 0.0 0.1 0.100013017654
0.04 0.0 0.1 0.101012945175
0.04 0.0 0.1 0.0999820232391
0.04 0.0 0.1 0.1000020504
0.04 0.0 0.1 0.100023031235
0.04 0.0 0.1 0.0999708175659
0.04 0.0 0.1 0.101001977921
0.04 0.0 0.1 0.100005149841
0.04 0.0 0.1 0.100030899048
0.04 0.0 0.1 0.0999591350555
0.04 0.0 0.1 0.0999979972839
0.04 0.0 0.1 0.100997924805
0.04 0.0 0.1 0.100028038025
0.04 0.0 0.1 0.100100040436
0.04 0.0 0.1 0.0999608039856
0.04 0.0 0.1 0.0989990234375
0.04 0.0 0.1 0.100983142853
0.04 0.0 0.1 0.100033998489
0.04 0.0 0.1 0.100908041
0.04 0.0 0.1 0.100033998489
0.04 0.0 0.1 0.0999858379364
0.04 0.0 0.1 0.0999841690063
0.04 0.0 0.1 0.100017786026
0.04 0.0 0.1 0.0999820232391
0.04 0.0 0.1 0.101037979126
0.04 0.0 0.1 0.0999810695648
0.04 0.0 0.1 0.100067138672
0.04 0.0 0.1 0.0999238491058
0.04 0.0 0.1 0.100980043411
0.04 0.0 0.1 0.0999779701233
0.04 0.0 0.1 0.100101947784
0.04 0.0 0.1 0.0999441146851
0.04 0.0 0.1 0.100102901459
0.04 0.0 0.1 0.1000020504
0.04 0.0 0.1 0.0999090671539
0.04 0.0 0.1 0.10107088089
0.04 0.0 0.1 0.0999941825867
0.04 0.0 0.1 0.0999629497528
0.04 0.0 0.1 0.0999548435211
0.04 0.0 0.1 0.0999891757965
0.04 0.0 0.1 0.100989818573
0.04 0.0 0.1 0.0999979972839
0.04 0.0 0.1 0.0999870300293
0.04 0.0 0.1 0.100013971329
0.04 0.0 0.1 0.101001024246
0.04 0.0 0.1 0.100006103516
0.04 0.0 0.1 0.100028038025
0.04 0.0 0.1 0.0999889373779
0.04 0.0 0.1 0.100100040436
0.04 0.0 0.1 0.099946975708
0.04 0.0 0.1 0.101073026657
0.04 0.0 0.1 0.0999200344086
0.04 0.0 0.1 0.100075960159
0.04 0.0 0.1 0.099925994873
0.04 0.0 0.1 0.10001707077
0.04 0.0 0.1 0.099967956543
0.04 0.0 0.1 0.101071834564
0.04 0.0 0.1 0.0998930931091
0.04 0.0 0.1 0.0999979972839
0.04 0.0 0.1 0.099995136261
0.04 0.0 0.1 0.10098195076
0.04 0.0 0.1 0.0999858379364
0.04 0.0 0.1 0.100028038025
0.04 0.0 0.1 0.0999851226807
0.04 0.0 0.1 0.100118875504
0.04 0.0 0.1 0.0998840332031
0.04 0.0 0.1 0.101048946381
0.04 0.0 0.1 0.0999569892883
0.04 0.0 0.1 0.100184202194
0.04 0.0 0.1 0.099925994873
0.04 0.0 0.1 0.0998959541321
0.04 0.0 0.1 0.0999898910522
0.04 0.0 0.1 0.100999116898
0.04 0.0 0.1 0.100013017654
0.04 0.0 0.1 0.0999848842621
0.04 0.0 0.1 0.0999970436096
0.04 0.0 0.1 0.100008964539
0.04 0.0 0.1 0.100008010864
0.04 0.0 0.1 0.101001977921
0.04 0.0 0.1 0.0999870300293
0.04 0.0 0.1 0.10000705719
0.04 0.0 0.1 0.0999858379364
0.04 0.0 0.1 0.10004401207
0.04 0.0 0.1 0.100970983505
0.04 0.0 0.1 0.0999782085419
0.04 0.0 0.1 0.100059986115
0.04 0.0 0.1 0.101037979126
0.04 0.0 0.1 0.100056886673
0.04 0.0 0.1 0.099869966507
0.04 0.0 0.1 0.0999979972839
0.04 0.0 0.1 0.0999920368195
0.04 0.0 0.1 0.100003004074
0.04 0.0 0.1 0.100950956345
0.04 0.0 0.1 0.100059986115
0.04 0.0 0.1 0.100010156631
0.04 0.0 0.1 0.0999929904938
0.04 0.0 0.1 0.0999898910522
0.04 0.0 0.1 0.100984096527
0.04 0.0 0.1 0.100018024445
0.04 0.0 0.1 0.100035905838
0.04 0.0 0.1 0.0999660491943
0.04 0.0 0.1 0.100004911423
0.04 0.0 0.1 0.0999991893768
0.04 0.0 0.1 0.101097822189
0.04 0.0 0.1 0.100003957748
0.04 0.0 0.1 0.0999820232391
0.04 0.0 0.1 0.099906206131
0.04 0.0 0.1 0.101006984711
0.04 0.0 0.1 0.0999879837036
0.04 0.0 0.1 0.100081920624
0.04 0.0 0.1 0.0999140739441
0.04 0.0 0.1 0.100008964539
0.04 0.0 0.1 0.101007938385
0.04 0.0 0.1 0.0999810695648
0.04 0.0 0.1 0.10001206398
0.04 0.0 0.1 0.100028991699
0.04 0.0 0.1 0.0999557971954
0.04 0.0 0.1 0.100989103317
0.04 0.0 0.1 0.100001096725
0.04 0.0 0.1 0.0980088710785
0.04 0.0 0.1 0.101005077362
0.04 0.0 0.1 0.101094007492
0.04 0.0 0.1 0.0998969078064
0.04 0.0 0.1 0.101026058197
0.04 0.0 0.1 0.0999870300293
0.04 0.0 0.1 0.100047826767
0.04 0.0 0.1 0.0999641418457
0.04 0.0 0.1 0.100045919418
0.04 0.0 0.1 0.0999360084534
0.04 0.0 0.1 0.101022005081
0.04 0.0 0.1 0.100021123886
0.04 0.0 0.1 0.0999758243561
0.04 0.0 0.1 0.0999970436096
0.04 0.0 0.1 0.100008010864
0.04 0.0 0.05 0.0689859390259
0.04 0.0 0.0 0.100028991699
0.04 0.0 0.0 0.0999960899353
0.04 0.0 0.0 0.100080966949
0.04 0.0 0.0 0.10005903244
0.04 0.0 0.0 0.10017991066
0.04 0.0 0.0 0.100027084351
0.04 0.0 0.0 0.0999939441681
0.04 0.0 0.0 0.0999960899353
0.05 0.0 0.0 0.121779918671
0.05 0.0 0.0 0.100950956345
0.05 0.0 0.0 0.0999011993408
0.05 0.0 0.0 0.0999979972839
0.05 0.0 0.0 0.100000858307
0.055 0.0 0.0 0.0793271064758
0.06 0.0 0.0 0.0990419387817
0.06 0.0 0.0 0.0996930599213
0.06 0.0 0.0 0.100195884705
0.06 0.0 0.0 0.100152015686
0.06 0.0 0.0 0.099750995636
0.06 0.0 0.0 0.100342988968
0.07 0.0 0.0 0.145503997803
0.07 0.0 0.0 0.0999910831451
0.07 0.0 0.0 0.100003004074
0.07 0.0 0.0 0.0999989509583
0.07 0.0 0.0 0.100009918213
0.07 0.0 0.0 0.101065158844
0.07 0.0 0.0 0.0999710559845
0.07 0.0 0.0 0.0999529361725
0.07 0.0 0.0 0.0999989509583
0.07 0.0 0.0 0.100100040436
0.07 0.0 0.0 0.100904941559
0.07 0.0 0.0 0.0999829769135
0.07 0.0 0.0 0.0990970134735
0.07 0.0 0.0 0.0989129543304
0.07 0.0 0.0 0.101000070572
0.07 0.0 0.0 0.101001024246
0.07 0.0 0.0 0.101000070572
0.07 0.0 0.0 0.100003957748
0.07 0.0 0.0 0.0999958515167
0.07 0.0 0.0 0.10000705719
0.07 0.0 0.0 0.100000143051
0.07 0.0 0.0 0.100994825363
0.07 0.0 0.0 0.100119113922
0.07 0.0 0.0 0.0999600887299
0.07 0.0 0.0 0.0999557971954
0.07 0.0 0.0 0.0999619960785
0.07 0.0 0.0 0.100035190582
0.07 0.0 0.0 0.10097193718
0.07 0.0 0.0 0.100004911423
0.07 0.0 0.0 0.100003004074
0.07 0.0 0.0 0.0989871025085
0.07 0.0 0.0 0.101002931595
0.07 0.0 0.0 0.100001096725
0.07 0.0 0.0 0.400007963181
0.07 0.0 0.0 0.351389884949
0.07 0.0 0.0 0.500272035599
0.07 0.0 0.0 0.0999960899353
0.07 0.0 0.0 0.100602865219
0.07 0.0 0.0 0.0999100208282
0.07 0.0 0.0 0.0998640060425
0.07 0.0 0.0 0.099867105484
0.07 0.0 0.0 0.100136995316
0.07 0.0 0.0 0.0999109745026
0.07 0.0 0.0 0.100032091141
0.07 0.0 0.0 0.100065946579
0.07 0.0 0.0 0.10017991066
0.07 0.0 0.0 0.0999901294708
0.07 0.0 0.0 0.100075006485
0.07 0.0 0.0 0.100055932999
0.07 0.0 0.0 0.100149869919
0.07 0.0 0.0 0.0998911857605
0.07 0.0 0.0 0.10015296936
0.07 0.0 0.0 0.100122928619
0.07 0.0 0.0 0.100541114807
0.07 0.0 0.0 0.0995829105377
0.07 0.0 0.0 0.101140975952
0.07 0.0 0.0 0.0993309020996
0.07 0.0 0.0 0.0997800827026
0.07 0.0 0.0 0.100271940231
0.07 0.0 0.0 0.099867105484
0.07 0.0 0.0 0.0999150276184
0.07 0.0 0.0 0.0998919010162
0.07 0.0 0.0 0.0999851226807
0.07 0.0 0.0 0.100155830383
0.07 0.0 0.0 0.100129127502
0.07 0.0 0.0 0.100270986557
0.07 0.0 0.0 0.0998830795288
0.07 0.0 0.05 0.0999429225922
0.07 0.0 0.1 0.100077867508
0.07 0.0 0.1 0.100040197372
0.07 0.0 0.1 0.100111961365
0.07 0.0 0.1 0.099949836731
0.07 0.0 0.1 0.100086212158
0.07 0.0 0.1 0.100032806396
0.07 0.0 0.1 0.1006731987
0.07 0.0 0.1 0.099625825882
0.07 0.0 0.1 0.0998959541321
0.07 0.0 0.1 0.100117206573
0.07 0.0 0.1 0.099925994873
0.07 0.0 0.1 0.100993871689
0.07 0.0 0.1 0.100458145142
0.07 0.0 0.1 0.0993239879608
0.07 0.0 0.1 0.10076379776
0.07 0.0 0.1 0.0992500782013
0.07 0.0 0.1 0.0998070240021
0.07 0.0 0.1 0.100003957748
0.07 0.0 0.1 0.0999591350555
0.07 0.0 0.1 0.100242853165
0.07 0.0 0.1 0.100451946259
0.07 0.0 0.1 0.0997321605682
0.07 0.0 0.1 0.0999329090118
0.07 0.0 0.1 0.099925994873
0.07 0.0 0.1 0.100042104721
0.07 0.0 0.1 0.0999019145966
0.07 0.0 0.1 0.0999591350555
0.07 0.0 0.1 0.100140810013
0.07 0.0 0.1 0.0999350547791
0.07 0.0 0.1 0.0999979972839
0.07 0.0 0.1 0.100960016251
0.07 0.0 0.1 0.0996830463409
0.07 0.0 0.1 0.100322961807
0.07 0.0 0.1 0.099739074707
0.07 0.0 0.1 0.100051879883
0.07 0.0 0.1 0.0999360084534
0.07 0.0 0.1 0.100001096725
0.07 0.0 0.1 0.10046005249
0.07 0.0 0.1 0.099958896637
0.07 0.0 0.1 0.0998198986053
0.07 0.0 0.1 0.100024223328
0.07 0.0 0.1 0.100859880447
0.07 0.0 0.1 0.0995209217072
0.07 0.0 0.1 0.100021123886
0.07 0.0 0.1 0.0997960567474
0.07 0.0 0.1 0.100059986115
0.07 0.0 0.05 0.0999908447266
0.07 0.0 0.0 0.100389957428
0.07 0.0 0.0 0.0998201370239
0.07 0.0 0.0 0.100125074387
0.07 0.0 0.0 0.0999529361725
0.07 0.0 0.0 0.0999739170074
0.07 0.0 0.0 0.100141048431
0.07 0.0 0.0 0.0999529361725
0.07 0.0 0.0 0.100124120712
0.07 0.0 0.0 0.10005903244
0.07 0.0 0.0 0.100063800812
0.07 0.0 0.05 0.100018024445
0.07 0.0 0.1 0.100335121155
0.07 0.0 0.1 0.0997848510742
0.07 0.0 0.1 0.100459098816
0.07 0.0 0.1 0.0997729301453
0.07 0.0 0.1 0.0999100208282
0.07 0.0 0.1 0.100039958954
0.07 0.0 0.1 0.10003900528
0.07 0.0 0.1 0.100114107132
0.07 0.0 0.1 0.0999820232391
0.07 0.0 0.1 0.100091934204
0.07 0.0 0.1 0.100090026855
0.07 0.0 0.1 0.0999600887299
0.07 0.0 0.1 0.100157022476
0.07 0.0 0.1 0.0999319553375
0.07 0.0 0.1 0.100177049637
0.07 0.0 0.1 0.0999219417572
0.07 0.0 0.2 0.103803873062
0.07 0.0 0.2 0.100062131882
0.07 0.0 0.2 0.100852012634
0.07 0.0 0.2 0.100042819977
0.07 0.0 0.2 0.0999670028687
0.07 0.0 0.2 0.100011110306
0.07 0.0 0.2 0.0999939441681
0.07 0.0 0.2 0.100990056992
0.07 0.0 0.2 0.0999898910522
0.07 0.0 0.2 0.10001206398
0.07 0.0 0.2 0.0999960899353
0.07 0.0 0.2 0.0999979972839
0.07 0.0 0.2 0.100033044815
0.07 0.0 0.2 0.099967956543
0.07 0.0 0.2 0.10099196434
0.07 0.0 0.2 0.100010871887
0.07 0.0 0.2 0.0999870300293
0.07 0.0 0.2 0.10005903244
0.07 0.0 0.2 0.101041078568
0.07 0.0 0.2 0.099977016449
0.07 0.0 0.2 0.0990219116211
0.07 0.0 0.2 0.0990509986877
0.07 0.0 0.2 0.0999059677124
0.07 0.0 0.2 0.102005004883
0.07 0.0 0.2 0.0999751091003
0.07 0.0 0.2 0.100972890854
0.07 0.0 0.2 0.0999920368195
0.07 0.0 0.2 0.100043058395
0.07 0.0 0.2 0.0999820232391
0.07 0.0 0.2 0.0999879837036
0.07 0.0 0.2 0.101006984711
0.07 0.0 0.2 0.0999999046326
0.07 0.0 0.2 0.0989980697632
0.07 0.0 0.2 0.0999829769135
0.07 0.0 0.2 0.100150108337
0.07 0.0 0.2 0.100947856903
0.07 0.0 0.2 0.100985050201
0.07 0.0 0.2 0.10006403923
0.07 0.0 0.2 0.0999400615692
0.07 0.0 0.2 0.0999460220337
0.07 0.0 0.2 0.0999758243561
0.07 0.0 0.2 0.100000143051
0.07 0.0 0.2 0.101011991501
0.07 0.0 0.2 0.0999929904938
0.07 0.0 0.2 0.100020885468
0.07 0.0 0.2 0.0999910831451
0.07 0.0 0.2 0.100013971329
0.07 0.0 0.2 0.0999701023102
0.07 0.0 0.2 0.100991010666
0.07 0.0 0.2 0.100008010864
0.07 0.0 0.2 0.0999948978424
0.07 0.0 0.2 0.100003004074
0.07 0.0 0.2 0.100995063782
0.07 0.0 0.2 0.100111961365
0.07 0.0 0.2 0.0998940467834
0.07 0.0 0.2 0.100039958954
0.07 0.0 0.2 0.0989599227905
0.07 0.0 0.2 0.101099967957
0.07 0.0 0.2 0.0999341011047
0.07 0.0 0.2 0.100961923599
0.07 0.0 0.2 0.100005149841
0.07 0.0 0.2 0.100004911423
0.07 0.0 0.2 0.100094079971
0.07 0.0 0.2 0.0998969078064
0.07 0.0 0.1 0.110051870346
0.07 0.0 0.1 0.100987195969
0.07 0.0 0.1 0.0999920368195
0.07 0.0 0.1 0.0999898910522
0.07 0.0 0.0 0.123985052109
0.07 0.0 0.0 0.100050926208
0.07 0.0 0.0 0.100953102112
0.07 0.0 0.0 0.0999979972839
0.07 0.0 0.0 0.100215911865
0.07 0.0 0.0 0.0997838973999
0.07 0.0 0.0 0.100988149643
0.07 0.0 0.0 0.100085020065
0.07 0.0 0.0 0.0999269485474
0.07 0.0 0.0 0.0999479293823
0.07 0.0 0.0 0.100188970566
0.07 0.0 0.0 0.0999569892883
0.07 0.0 0.0 0.0999021530151
0.07 0.0 0.0 0.100030899048
0.07 0.0 0.0 0.100980043411
0.07 0.0 0.0 0.0999839305878
0.0 0.0 0.0 0.0522451400757
0.0 0.0 0.0 0.101182937622
