0.000351142228078 2.12691908527e-05 0.00013239320522
0.00121045006029 2.14514492243e-05 0.000133519398677
0.00221221218576 2.16592791029e-05 0.000134802364689
0.00320469285486 2.18715055082e-05 0.000136121399545
0.00421801069771 2.20827761838e-05 0.000137437900996
0.00523250253517 2.22714244653e-05 0.000138611691178
0.00623816152972 2.24622255741e-05 0.000139798168864
0.00723491593867 2.26518084287e-05 0.000140976639516
0.00825297336789 2.28449492157e-05 0.000142176811921
0.00925200670827 2.30329373889e-05 0.000143343383993
0.0102622663605 2.32222532775e-05 0.000144512268292
0.0112837829173 2.34123084707e-05 0.000145685540865
0.0122963240347 2.35990217084e-05 0.000146838184899
0.013299852 2.37822686167e-05 0.000147969426308
0.0143247871413 2.39670117818e-05 0.000149109935407
0.0153406924631 2.41475467491e-05 0.000150224470728
0.0163678758331 2.43272405119e-05 0.000151333818956
0.0173350534682 2.44935717324e-05 0.000152360678925
0.0186915922352 2.47116116439e-05 0.000153708147294
0.0205495710931 2.49980219314e-05 0.000155477772505
0.0225927259907 2.53077808621e-05 0.000157390152794
0.0246175162485 2.56091459041e-05 0.00015925074418
0.0266439801636 2.5908324406e-05 0.000161097866859
0.028651593082 2.62039973966e-05 0.000162923316507
0.0307006315221 2.65062029591e-05 0.000164788655624
0.0327284517974 2.68127603519e-05 0.000166681082687
0.0347748183315 2.71272616663e-05 0.000168625486734
0.0367785786378 2.74392356043e-05 0.000170555570791
0.0388001858031 2.77580994955e-05 0.000172529090318
0.0408393126772 2.80846313237e-05 0.000174550928112
0.0428553609438 2.84128919736e-05 0.000176584364206
0.0448482219853 2.87340989901e-05 0.000178575130893
0.0468578711533 2.90114016788e-05 0.000180294810223
0.0488428796589 2.92155416095e-05 0.000181559990532
0.0508500704191 2.90938115517e-05 0.000180807377977
0.0527037736635 3.3238386462e-05 0.000206398687344
0.0543764348425 3.79595014327e-05 0.000235544080912
0.0555151174849 3.86488049985e-05 0.000239800948255
0.0578760819003 3.99709634422e-05 0.000247971023479
0.0607725009556 4.10017716794e-05 0.000254344060965
0.0637517513692 4.17580911704e-05 0.000259025386383
0.0667275215364 4.24997381362e-05 0.000263617396234
0.0697003557188 4.32455139549e-05 0.000268236501508
0.0726716297319 4.40040847287e-05 0.000272934160116
0.0756440223646 4.47854344379e-05 0.000277771494412
0.0786183765576 4.5595019382e-05 0.000282782085447
0.0815951424764 4.64345119922e-05 0.000287976210425
0.084574633444 4.73028495306e-05 0.000293347302202
0.0875570643797 4.81972283965e-05 0.000298875065056
0.0905425798189 4.91174160665e-05 0.000304555241045
0.0935312795262 5.00611619046e-05 0.000310380884807
0.0965232309934 5.10269353337e-05 0.000316342521422
0.0995185123946 5.20121820716e-05 0.000322424398656
0.102517205087 5.30196324271e-05 0.000328157329319
0.105518711683 5.40867860021e-05 0.000334648793974
0.108522659018 5.51676640531e-05 0.000341320989735
0.111529984615 5.6226972984e-05 0.000347860098362
0.114540733197 5.73051600062e-05 0.000354515757814
0.117554852921 5.83969421674e-05 0.000361255394386
0.120572272589 5.95062101386e-05 0.000367632725822
0.12359286739 6.06262217546e-05 0.000372588140834
0.126616424822 6.17458495639e-05 0.000376327397022
0.129642607588 6.28650267041e-05 0.000379196582038
0.132670892148 6.39845218071e-05 0.00038164314076
0.135698954541 6.51013419409e-05 0.000384536003966
0.13872445435 6.62211184907e-05 0.000389929346907
0.141746450779 6.73465095466e-05 0.00039613436168
0.144764302868 6.8506100652e-05 0.000402890788931
0.147777673882 6.97090794912e-05 0.00041031760996
0.15078564166 7.0857110696e-05 0.000417405291083
0.153775428329 7.16362132982e-05 0.000422210598683
0.156580912026 7.55503518338e-05 0.000446378610824
0.159455315054 7.79899085715e-05 0.000461439974559
0.162438855475 7.93982689141e-05 0.000470141745277
0.165419838824 8.07883883812e-05 0.000478731705288
0.168397395747 8.21879696077e-05 0.000487381250973
0.17137169139 8.36066423711e-05 0.000496149485333
0.174343451252 8.50529981879e-05 0.000505089235036
0.177314901464 8.65191016106e-05 0.00051415011364
0.180287992024 8.80270506205e-05 0.000523468291859
0.183263265851 8.95756875603e-05 0.000533036521736
0.186241108165 9.11664827395e-05 0.000542862843773
0.189221784281 9.27997870695e-05 0.00055294483002
0.192205477413 9.44742533213e-05 0.000563280948412
0.195192310053 9.6187807151e-05 0.00057385844487
0.198182364083 9.79402788391e-05 0.000584650940763
0.201175720041 9.97426203538e-05 0.000594200106793
0.20417245874 0.000101574746074 0.000601747997654
0.207172513852 0.000103428878693 0.000607727505213
0.210175101726 0.000105318618569 0.000618246955918
0.213180416168 0.000107228648034 0.000630037369208
0.216310644178 0.000112490354764 0.00406266383971
0.219220332237 0.000133981493376 0.012371257397
0.222176820707 0.000184413777363 0.0224338934117
0.225106399256 0.000263728908046 0.0324026566301
0.228008407551 0.000371100634625 0.0422757173616
0.230939857178 0.000508689883339 0.0522452278371
0.233898137369 0.000677233797475 0.0622984921914
0.236823407872 0.000873243941785 0.0722310274129
0.239772955917 0.00110041023514 0.0822362163101
0.242656217662 0.00135145020014 0.0919981976051
0.245366945502 0.00161270062966 0.100365264697
0.248144875885 0.00190393942257 0.109251141763
0.251071606947 0.00223873268111 0.119152592985
0.253936054457 0.00259483492617 0.128847333057
0.256854039468 0.00298660611531 0.13873180854
0.259739517993 0.00340294457515 0.148526254907
0.262650445062 0.00385225206983 0.158431777881
0.265528926523 0.00432565301515 0.168255201807
0.268403617401 0.0048274537229 0.178094626288
0.271247851846 0.00535249755986 0.187837980522
0.274132751741 0.00591437601121 0.197589514917
0.277023986229 0.00650687214181 0.207288641908
0.279940092776 0.00713417826914 0.217098750892
0.282851616952 0.00779048360493 0.226921160897
0.285729342553 0.00846884810945 0.236660053945
0.288573069332 0.00916843789768 0.246314624404
0.291444020965 0.00990448010871 0.256051081371
0.294345758477 0.0106779045588 0.265548218621
0.297191097119 0.0114654052881 0.275393664763
0.300020988678 0.0122797053582 0.28556463532
0.302812122069 0.013113516216 0.295625027464
0.305590909646 0.0139741682144 0.305674984343
0.308366005151 0.0148648971117 0.31578066431
0.311046207152 0.0157543479988 0.32522397
0.313628962952 0.0166369850844 0.333884554764
0.316328953081 0.0175875414182 0.343762007088
0.319070547024 0.0185835501184 0.353829378622
0.321772406935 0.0195958356822 0.363789175393
0.324463184161 0.0206346341245 0.373751564596
0.327170615773 0.0217111339545 0.383823253234
0.329814708494 0.0227931150971 0.393706601033
0.332476168709 0.0239132032881 0.403699629041
0.33512850379 0.0250607926056 0.413701068407
0.337797964508 0.0262477976255 0.423811024148
0.340431520448 0.0274507214112 0.43382922605
0.343029576084 0.0286689005594 0.443753930656
0.345670194875 0.0299394823461 0.453887729043
0.348274536145 0.0312251224945 0.463929647152
0.350842640515 0.0325249557842 0.473879059479
0.353451873717 0.0338787218608 0.484037213099
0.356024188431 0.0352465085188 0.49410165613
0.358610448008 0.0366554426492 0.504271783088
0.361157553373 0.0380766509399 0.5143358375
0.363689476429 0.0395229669609 0.524385037871
0.366205301448 0.040993787175 0.534415197494
0.368704505453 0.0424885313376 0.54442543219
0.371175325282 0.044000646433 0.554316812644
0.373535169478 0.0454754806462 0.563245003923
0.375947023214 0.0470139851241 0.5729686252
0.378401899841 0.048614152731 0.582967017528
0.380840332835 0.0502386525141 0.592936815369
0.383236950385 0.051869423067 0.602820457892
0.385618175607 0.0535246471014 0.612710363908
0.387961424737 0.0551879064849 0.622505190748
0.390313997218 0.0568928561845 0.63240433776
0.392675303463 0.0586402272611 0.642408740299
0.394998360583 0.060395355653 0.652320649286
0.397306383481 0.0621753436296 0.662239268909
0.399576287299 0.0639619448316 0.672065515734
0.401830971158 0.065772735216 0.681898613538
0.404115243343 0.0676449168159 0.691937469646
0.406383079472 0.0695420065558 0.701983378939
0.40858973826 0.0714255381076 0.711837156415
0.410801950023 0.0733519967124 0.721796738513
0.413018706393 0.0753217563986 0.731860809632
0.41519503821 0.0772949297104 0.741824272751
0.417350976697 0.0792890747225 0.75177395481
0.419485602017 0.0813032510408 0.761705037417
0.421622204984 0.0833596803633 0.7717414154
0.423730532386 0.0854306536476 0.781820941241
0.425754423829 0.0874583235886 0.791236161181
0.427790078112 0.0895369189558 0.80099599234
0.429789573639 0.0916186450847 0.810720199216
0.431807015234 0.0937606921863 0.820634966277
0.433801534467 0.0959209043757 0.830546558772
0.435754728448 0.0980786744698 0.840369732893
0.43768676656 0.100255653706 0.850207906186
0.439599458312 0.102453733791 0.860045904206
0.441522794634 0.104708781587 0.869867733871
0.443411643501 0.106967767301 0.879550800358
0.44527904161 0.109245704808 0.889251728409
0.447124230652 0.111541753495 0.898976140959
0.448928752002 0.11383261845 0.908916911109
0.450566710745 0.115956670831 0.920124578991
0.452032303074 0.117905840709 0.933239347852
0.453514845024 0.119933573179 0.946182902738
0.455149909048 0.12222799715 0.957152365424
0.45681520427 0.124616162391 0.967240813606
0.458456301634 0.127020947705 0.977344795945
0.460072144087 0.129440895666 0.987452764615
0.461662079948 0.131874960085 0.997555581554
0.463225596831 0.134322173766 1.00764768346
0.464770354392 0.136795561218 1.01784312535
0.466264892579 0.139243311225 1.02768499146
0.467704512883 0.141651805924 1.03709529395
0.469160988751 0.144143291336 1.04709968948
0.470591600563 0.146647524311 1.05709528703
0.472010182558 0.14918956825 1.06717560973
0.473375665258 0.151694857359 1.07704943239
0.474743965125 0.154266011351 1.08712572534
0.476074145037 0.156827134278 1.09710756622
0.477392766895 0.159429514108 1.10719575519
0.478673613509 0.16202157198 1.11719106001
0.479929724344 0.164628888239 1.12719356943
0.481148757308 0.167225025682 1.1371032156
0.482367119217 0.169888741065 1.14722051316
0.483548075769 0.17254097183 1.15724509269
0.484703638755 0.175207819751 1.16727704552
0.485833613297 0.17788904494 1.17731612988
0.486937803941 0.18058438892 1.18736208319
0.488026631003 0.18332065692 1.19751468626
0.489078240152 0.18604311835 1.20757106066
0.490092637982 0.188749484207 1.21752133376
0.491099437431 0.19151992436 1.22765682219
0.492067992211 0.194271182862 1.23767138466
0.493008051379 0.197029114983 1.24765687702
0.493911428008 0.199769354645 1.2574236189
0.494727119482 0.202320631026 1.26565765866
0.495583553763 0.205083333112 1.27535855459
0.496407819978 0.207836954234 1.2851474452
0.497220642931 0.21065324616 1.29511786177
0.497997699525 0.21344934328 1.30497911536
0.49875500663 0.216282897871 1.31493987482
0.499477626698 0.219098220029 1.32480651265
0.500166304917 0.221895036638 1.33458028226
0.500834844825 0.22472972926 1.34445933038
0.501476017991 0.227573888752 1.35434534441
0.502095685183 0.230455868146 1.36433755771
0.502675720961 0.233289696948 1.37413935722
0.503239420299 0.236189596639 1.38414696907
0.503769482347 0.239069267254 1.39406343832
0.504271479964 0.241957032957 1.40398783181
0.504749863419 0.244881511977 1.41401957509
0.505195004685 0.247784318106 1.42395961071
0.505611616072 0.250693732691 1.43390594401
0.505999436489 0.253608299637 1.44385263003
0.506358077037 0.256524973972 1.45378829435
0.506687393217 0.259441954698 1.46371022003
0.506990366798 0.26238788029 1.47371834652
0.507259882503 0.265293682494 1.48365658269
0.507492347977 0.268086351694 1.4925352935
0.507701867311 0.270895682644 1.50152101766
0.507890953763 0.273808197953 1.51130911355
0.508052377874 0.276739396995 1.52096534548
0.508184296266 0.279645977417 1.53048758314
0.508291250495 0.282642029463 1.54030239112
0.508367571062 0.28558134363 1.54993721933
0.508415491695 0.28852223507 1.55958770839
0.508434980901 0.291463383768 1.569261125
0.508425829267 0.294418715442 1.57915480815
0.508387955712 0.297285496711 1.5893593265
0.508321284392 0.300166556097 1.59920104685
0.508239163264 0.302696105911 1.60788034544
0.508122448853 0.305562222594 1.61438343919
0.507988804097 0.308540807833 1.61597008579
0.50785216197 0.311559971259 1.61608447886
0.507716544413 0.314548619204 1.61621645715
0.507580525597 0.317537185259 1.61636405038
0.507442662713 0.320556321223 1.61652417025
0.507305552479 0.32354837126 1.61668606423
0.507185783128 0.326153595472 1.61682619093
0.507025254023 0.329632124751 1.61700539621
0.506840995554 0.333611744368 1.61714298411
0.506655382054 0.337609518215 1.61725738596
0.506469347978 0.34160744015 1.61734469538
0.506283055289 0.345605373707 1.61740499598
0.506095976568 0.349607067726 1.61746676602
0.505909167721 0.353605472186 1.61748762089
0.505722583929 0.357598229814 1.6174536247
0.505536323906 0.361589887288 1.61738449686
0.505350374833 0.365581877732 1.61729013269
0.505164810231 0.369574675999 1.61717339186
0.504979652008 0.373569456446 1.61704210179
0.504794873186 0.377567509619 1.61690633585
0.504610499031 0.381568821584 1.61677154242
0.50442659694 0.385571062305 1.6166512161
0.504243164825 0.389572706843 1.61655366344
0.504060140921 0.393572975027 1.61648384117
0.503877499045 0.397570495788 1.61645101774
0.503695686169 0.401546088746 1.61658133581
0.503517847942 0.405376004059 1.61768368122
0.503332569982 0.40928165138 1.61830897418
0.503142746767 0.413269797386 1.61841016929
0.502952526974 0.417257317637 1.6185352595
0.502761794889 0.421244509263 1.61868241884
0.502570386831 0.425233102648 1.61884245858
0.502378165146 0.429225447069 1.61900402402
0.502185156467 0.433220832901 1.61915943793
0.501991479671 0.437217601458 1.61929619307
0.501797263083 0.441214962891 1.61940862326
0.501602636754 0.445212436153 1.61949380393
0.50138082328 0.449773219012 1.61937235379
0.501154085566 0.454478679314 1.617996825
0.500918505191 0.459486560847 1.61772762752
0.500688913999 0.46437693283 1.61766269224
0.50045270016 0.469417544809 1.6175654625
0.500216992125 0.474459437093 1.61744150547
0.499986440663 0.479404892013 1.61730883316
0.499754060228 0.48440443701 1.61717387584
0.49952226048 0.489405433089 1.6170556792
0.499291030522 0.494405513431 1.61696724483
0.499057976793 0.499453166738 1.61691777682
0.498827879319 0.504435746625 1.61699196817
0.49860252385 0.509245771067 1.61822582378
0.498366753281 0.514165463055 1.61875087212
0.498129579307 0.519102693349 1.61886168486
0.497889438339 0.524088678637 1.61900551984
0.497646042904 0.529126301181 1.61916757331
0.497401611699 0.534168517139 1.6193298023
0.497158674781 0.539163604315 1.61947473924
0.496912581857 0.544209609442 1.61959173197
0.496668416298 0.549205830767 1.61967355248
0.496423729524 0.554202771855 1.61972730602
0.496178514852 0.559204842926 1.61978960514
0.49593395582 0.56419337889 1.61973896924
0.495687248059 0.569233343549 1.61966415695
0.495443403576 0.574223971201 1.61955916633
0.495200057217 0.579216390868 1.61943136305
0.49495960544 0.584162718054 1.61929751162
0.494719649275 0.589112767059 1.61916626301
0.494492352421 0.59381327693 1.6190611406
0.494232772688 0.599184646645 1.61909586313
0.493952339887 0.604970252251 1.61939484038
0.493664822395 0.610842871523 1.62019394953
0.493372298477 0.616668993339 1.62131933493
0.493069372302 0.622654801775 1.62142671915
0.492762718076 0.628698777443 1.62157609498
0.492457989928 0.634686305493 1.62173765958
0.492155127918 0.640618610732 1.62189003121
0.491848263346 0.646612559851 1.62201354095
0.491537675678 0.6526667998 1.62209786743
0.491226256016 0.658722852503 1.6221546874
0.490921090152 0.664657259358 1.62217109293
0.490613281914 0.67064538444 1.62211203676
0.490305960014 0.67663389412 1.62201448479
0.489999217597 0.682624314939 1.62188799477
0.48969302879 0.688619338259 1.62175266768
0.489384423308 0.694677994898 1.62162531247
0.489079580087 0.700675996664 1.62153218469
0.488778390978 0.70661111717 1.6214869503
0.488473134199 0.712618349844 1.62178440916
0.488176977893 0.718320503758 1.62332282879
0.487862167548 0.724295975308 1.62348366786
0.487543101039 0.730339329354 1.62362481293
0.487223010075 0.736384675375 1.62378703891
0.48690803686 0.742315386621 1.62394377246
0.486588856295 0.748308388766 1.62407657566
0.486265741185 0.754361919746 1.62417173079
0.485945213778 0.760356019472 1.62422883
0.485624167124 0.766352780917 1.62427164871
0.485303760996 0.77233984836 1.62422134744
0.484983793089 0.778327466559 1.624133183
0.484661190492 0.784376336345 1.62401108545
0.484345523359 0.790309504396 1.62387815175
0.484024072549 0.796367004907 1.62374565158
0.483706516129 0.802364752601 1.62364266024
0.48338959434 0.808360305582 1.62358241468
0.483073590908 0.814340967913 1.62364843785
0.482761256053 0.820162699306 1.62518323633
0.482436131821 0.826096679491 1.62560203353
0.482107565699 0.832079642135 1.62573372896
0.481778095044 0.83806338042 1.62589167325
0.481447389859 0.844052166838 1.62605258803
0.481115574054 0.850044103107 1.62619371651
0.480779621509 0.856096845635 1.62629918937
0.480453152472 0.861969933658 1.62636224269
0.480119079052 0.867968963695 1.62643303278
0.479779107367 0.874073875979 1.62638260087
0.479442857125 0.880120465471 1.62630270336
0.479110460181 0.886108202678 1.62618866351
0.47877862206 0.892099370034 1.62605600069
0.478447331758 0.898095418806 1.62592191137
0.478116730378 0.904092732302 1.62581025714
0.477790089971 0.910028457257 1.6257381876
0.477460927306 0.916017685451 1.62573595615
0.477135202998 0.921894270635 1.6269020774
0.476801826933 0.92775623022 1.62777979773
0.476460236173 0.933738873212 1.62790103238
0.47611785702 0.939721187975 1.62805438697
0.47577427256 0.945707861827 1.62821632515
0.475426053852 0.951758468508 1.62836652047
0.475080393165 0.957750401664 1.62848104142
0.474734170505 0.963742501344 1.62855493908
0.474390479119 0.969678452609 1.62861656429
0.474043825531 0.975666578914 1.6285998595
0.473735648331 0.980994045019 1.62854146413
0.473417197962 0.986500782423 1.62851319766
0.47312812859 0.991506133237 1.62841799099
0.472840388258 0.996499537695 1.62828358156
0.472553104745 1.0014969415 1.62815006617
0.47226640092 1.0064952215 1.62803621588
0.471980266771 1.01149236227 1.62795340556
0.471694644624 1.01648673589 1.62791249669
0.471410480366 1.02145226029 1.62808518302
0.471133630947 1.02621130208 1.62963966099
0.470841399286 1.03113930914 1.63009483402
0.470545270551 1.03612302745 1.63021392934
0.470248529701 1.04110605256 1.63036209385
0.469979820269 1.04560697289 1.63052098591
0.469739929696 1.04961288799 1.63070575276
0.46950015451 1.05360616502 1.63085685819
0.46925974327 1.05760044522 1.63098668076
0.468966867211 1.06235291318 1.63525166942
0.468700202039 1.06624236671 1.64431580763
0.468402742441 1.07004017981 1.65356907547
0.468082725239 1.07371781482 1.66214203533
0.467708391638 1.07760169259 1.67206047078
0.467291609706 1.08151796678 1.68204581032
0.46683571598 1.08543048618 1.69201785876
0.466350630569 1.08926399201 1.70179310673
0.465822119748 1.09313496681 1.71167131466
0.465248936026 1.09704326367 1.72165412915
0.46464861868 1.10087252487 1.73144564001
0.464003500248 1.1047384679 1.74134295543
0.463319402589 1.10860202153 1.75124769642
0.462581436337 1.11253991473 1.76135865123
0.461818531195 1.11639716485 1.77127967151
0.461016627862 1.1202503716 1.7812093458
0.460184408241 1.1240602062 1.79104794158
0.45929641112 1.12794012579 1.80109165548
0.458379468371 1.13177019459 1.8110299802
0.457425648282 1.13558653347 1.82095409838
0.456433367842 1.13939764936 1.83085863185
0.455427412784 1.14311888459 1.8400571707
0.454396672118 1.14679978517 1.8486590772
0.453541926624 1.14975587625 1.8561851189
0.452449572193 1.15343981606 1.86199703892
0.45147260781 1.15667740637 1.86609876295
0.450480191408 1.15991499474 1.86995350219
0.449330206381 1.16363711585 1.87048610705
0.448156193934 1.16743639571 1.87050633291
0.446982342561 1.17123472988 1.87054830653
0.445808097001 1.17503367071 1.87060438976
0.444632724227 1.17883544749 1.87066340526
0.443455990365 1.18264086154 1.87072184359
0.442277814934 1.18645014244 1.87077932736
0.441098127381 1.1902635385 1.87083496417
0.439916893876 1.19408118071 1.87088851979
0.438734105946 1.19790314768 1.87094001686
0.43754978427 1.2017293995 1.87098869277
0.43636409726 1.20555943283 1.87103818605
0.43517726263 1.20939251018 1.8710921882
0.433989019033 1.21322948131 1.87114007577
0.432799619472 1.21706961264 1.87117853752
0.431609742556 1.22091088433 1.87119716424
0.430419777162 1.22475234434 1.87119149934
0.429230049639 1.22859328367 1.8711597128
0.42804091969 1.23243310931 1.87110430883
0.426852342206 1.23627107793 1.87105003838
0.425667506691 1.24009864104 1.87094787905
0.4244843161 1.24392204563 1.87085484129
0.423303327065 1.24773984011 1.8707746296
0.422128566577 1.25153788122 1.87080529361
0.421030933552 1.25507692161 1.87257775348
0.419916289661 1.25864447588 1.87412825719
0.418727678473 1.2624422557 1.87411758196
0.41753988542 1.26623722312 1.87413868197
0.416352245772 1.27003127784 1.87418159313
0.415164151899 1.2738261228 1.87423780623
0.413974887699 1.27762390203 1.87429654927
0.412784243499 1.28142533198 1.87435474674
0.41159213574 1.28523064539 1.87441197334
0.410398495271 1.28904007602 1.87446739884
0.409203291907 1.29285375687 1.87452085018
0.408006522265 1.29667174485 1.87457218608
0.406808204536 1.30049401103 1.87462070004
0.405608538551 1.30431995543 1.87467073132
0.404407700646 1.30814897706 1.87472468731
0.403205438209 1.31198189516 1.87477216616
0.402002052559 1.3158178311 1.87480953994
0.400798229126 1.31965478772 1.87482646497
0.39959434301 1.32349187361 1.87481887276
0.398390724388 1.3273283871 1.87478509591
0.397187739762 1.33116371545 1.87472838654
0.395985457683 1.33499682565 1.87467226991
0.394787040345 1.33881912644 1.8745656146
0.393590196457 1.34263771222 1.87447233393
0.39239559017 1.34645063782 1.87439371776
0.391209087341 1.35023772679 1.87446864216
0.390104834646 1.35375142479 1.87638398895
0.388821098616 1.35779366748 1.8809216194
0.387613014777 1.3615178068 1.88948527364
0.386388702856 1.36517086343 1.89935470046
0.385102414907 1.36888542893 1.90944667295
0.383791688871 1.3725510087 1.91946057411
0.382430177173 1.37624097546 1.9295953196
0.381044582042 1.37988264484 1.93964646487
0.379621184525 1.38351338003 1.94970792709
0.378174612605 1.38709725055 1.95967693125
0.376660582612 1.39074205564 1.96985561236
0.375108021712 1.39437480627 1.980040662
0.373533475684 1.3979580881 1.9901226869
0.371923064102 1.40152499589 2.00018592439
0.370277587796 1.40507400544 2.01022313151
0.368579070146 1.40864246202 2.02035806802
0.366883668353 1.41211431306 2.03003674933
0.365136467168 1.41560548517 2.04000025112
0.363356711531 1.41907533767 2.04991793035
0.361543184839 1.42252645664 2.05981372992
0.359695102155 1.42596044929 2.06969976181
0.357811572418 1.42937890487 2.07958769298
0.355892447069 1.43278191756 2.08948011764
0.353957433983 1.43613551682 2.09927922049
0.351947417179 1.43954077336 2.10928270931
0.349921634628 1.44289597228 2.11919407985
0.347839678602 1.446267824 2.12921200201
0.34576406265 1.44955599024 2.13903924547
0.343611124518 1.45289280063 2.14907329606
0.341466393639 1.4561455052 2.15891716612
0.339243661963 1.45944467208 2.16896821788
0.337032395443 1.46265739082 2.17882687598
0.334745785158 1.46590978299 2.18887917108
0.332428851807 1.46913604843 2.19892841805
0.330091916408 1.47232230298 2.20904155182
0.327727076568 1.47547919236 2.21885232606
0.325362512571 1.4785736187 2.22851417771
0.322964293283 1.48164892982 2.23807607881
0.320550192305 1.48468418894 2.24775372025
0.318204558369 1.4875722413 2.25916137777
0.315957283221 1.49027034943 2.27194500328
0.31350478203 1.49314228078 2.28301871186
0.310945507227 1.49607810984 2.29299873066
0.308383272099 1.4989590194 2.30290685827
0.305765950783 1.50184347034 2.31294002934
0.303092552817 1.50473063972 2.3230973462
0.300415905942 1.50756330774 2.33317550721
0.297682221119 1.51039823456 2.34337212887
0.294944749405 1.51318002402 2.35347915655
0.292176618208 1.51593668262 2.36359461716
0.289378834553 1.51866707152 2.37371076544
0.286553685217 1.52136895246 2.38380991614
0.283673838715 1.52406776903 2.39398432569
0.280792303489 1.52671371264 2.40407703763
0.27792929899 1.52929010202 2.4137059529
0.275083036377 1.53180322632 2.42330400433
0.272167022064 1.53432794597 2.43314077958
0.269137685467 1.53689840022 2.44325313363
0.266111970938 1.53941390166 2.4532544307
0.263119460979 1.5418521024 2.46305870596
0.260039021945 1.54431159378 2.47306512373
0.256961766139 1.54671876364 2.48297784811
0.253857473594 1.54909785127 2.49289653519
0.250694867287 1.55147195177 2.5029208588
0.247536777075 1.5537937631 2.51285260688
0.244352274729 1.55608661662 2.52279117638
0.241141674332 1.55835015144 2.53273654191
0.237905360653 1.56058396972 2.5426886011
0.234611177171 1.56280943339 2.55274577919
0.231325721993 1.56498145819 2.5627028883
0.2280196394 1.5671201677 2.57264259907
0.224728270637 1.56920355545 2.58246071315
0.221373164216 1.57128133473 2.5924805917
0.21805538002 1.57329007034 2.60201565773
0.214685823396 1.57528707735 2.61167156199
0.211300242946 1.57724924686 2.62150712099
0.207882648354 1.57918558842 2.63120640187
0.204472641393 1.58107430378 2.64074073474
0.200976392792 1.5829668425 2.65049742636
0.19750567749 1.58480179304 2.66060894384
0.194228799341 1.58648939974 2.67195544022
0.190807197249 1.58820353364 2.68240435593
0.187304499556 1.58991453148 2.69241886443
0.183818503231 1.59157463287 2.70234970318
0.180244804153 1.59323271025 2.7125072905
0.176653674226 1.59485472869 2.72268900264
0.173116845316 1.59640946475 2.7326903791
0.16952718138 1.59794453945 2.74281199507
0.165883782832 1.59945893977 2.75304321896
0.162297947742 1.60090701642 2.76305780345
0.158626405289 1.6023467253 2.77325042886
0.154979400944 1.60373419914 2.78330907021
0.151399041964 1.60505573191 2.79271731116
0.147823492586 1.60633872592 2.80199743478
0.144146791186 1.60761804527 2.81195148719
0.140458637349 1.60886041026 2.82188255272
0.13679490647 1.61005441028 2.83170109938
0.133079569525 1.61122480817 2.84161890512
0.129274495327 1.61238170928 2.85173875814
0.125528945612 1.61347963236 2.86166533767
0.121730989378 1.61455188531 2.87169705979
0.117993909986 1.61556697477 2.88153620736
0.114166988679 1.61656572538 2.89158060696
0.110364011011 1.61751772803 2.9015320979
0.106547547305 1.61843284362 2.91148992828
0.102679688889 1.6193194494 2.92155342781
0.0988761559167 1.62015152194 2.93142225834
0.0950232590142 1.62095445211 2.94138994145
0.0911629374924 1.62171889826 2.95133944883
0.0872973506633 1.62244454156 2.96126169336
0.0833855059213 1.62313881398 2.97127921679
0.0795715247108 1.62377636652 2.9806944485
0.0758049987823 1.62437132794 2.98972103053
0.0719315096477 1.6249456784 2.9995282076
0.0680554360891 1.62548165187 3.00933466787
0.0641749054521 1.62597965301 3.01913562032
0.0602285145999 1.62644675875 3.02890304227
0.0563092826791 1.62687194306 3.03855045491
0.0523847089543 1.62725932244 3.04821757212
0.0484601531118 1.62760829979 3.05793627227
0.0445998801676 1.62791319322 3.06812709126
0.0406654900138 1.62818357909 3.0782342534
0.0368033781588 1.62841026577 3.08814905534
0.0329021407103 1.6286002048 3.09820443032
0.0289597142709 1.62875222896 3.10838506012
0.0250545542271 1.6288631994 3.11848778176
0.0211479656025 1.62893470497 3.12860971953
0.0172425508467 1.62896665759 3.13873150204
0.0133007311118 1.62895884021 -3.13424725417
0.00940161470423 1.62891134788 -3.12417588542
0.005617385686 1.62882769514 -3.114779163
0.00185008940022 1.62871087328 -3.10586622789
-0.00203840953209 1.62855334903 -3.09588667813
-0.00592245872365 1.62835727346 -3.08593934477
-0.00980458189959 1.62812260109 -3.07600691073
-0.0136870300134 1.62784919056 -3.06607510449
-0.0176090176638 1.62753362497 -3.05604058964
-0.021492835293 1.62718206546 -3.04610038328
-0.0242117803889 1.62691277048 -3.0391388323
-0.0281394425097 1.6264992075 -3.03408424859
-0.0321139549914 1.62606993888 -3.03399346499
-0.0360939174008 1.6256399857 -3.03398889086
-0.0400783833543 1.62520953559 -3.03398691295
-0.044067363687 1.6247786013 -3.03398735155
-0.0480607533028 1.62434720706 -3.03398977687
-0.052058334494 1.6239153879 -3.03399362716
-0.0560596931258 1.62348319637 -3.03399802821
-0.0600639804284 1.62305072325 -3.03400102933
-0.0640678587914 1.62261832969 -3.0339968437
-0.0680679618296 1.62218630468 -3.0339877659
-0.072063031811 1.6217547796 -3.03397169448
-0.0760515524235 1.62132390947 -3.03394350216
-0.0800207915131 1.62089552209 -3.03379646568
-0.0837321032056 1.62049352416 -3.03188737493
-0.0874603977403 1.62007785095 -3.03028102078
-0.0914214556531 1.61963504199 -3.03024380067
-0.0953748906501 1.61919297583 -3.03020992558
-0.0993238723151 1.61875126681 -3.03017622348
-0.103270587533 1.61830967974 -3.03014949178
-0.107218414608 1.61786786519 -3.03013111237
-0.111169145864 1.61742564476 -3.03011662085
-0.115123434466 1.61698296463 -3.03010579446
-0.119081675474 1.61653979786 -3.03009839773
-0.123044097572 1.61609613132 -3.03009419473
-0.127010836953 1.6156519614 -3.03009304387
-0.130982038714 1.61520729008 -3.03009511964
-0.134957118569 1.61476219158 -3.03009563143
-0.138935716644 1.61431669013 -3.03009128424
-0.142918858187 1.61387067194 -3.03008986723
-0.146906500337 1.61342415614 -3.03009088183
-0.150898534404 1.61297716754 -3.03009387487
-0.154894731977 1.61252974325 -3.0300982402
-0.158894659551 1.61208193851 -3.03010307173
-0.162897388378 1.61163385699 -3.03010615073
-0.166899401038 1.61118588898 -3.03010179842
-0.170897455746 1.61073832542 -3.03009305718
-0.174890389466 1.61029129306 -3.03007726811
-0.178876596775 1.60984497404 -3.03004833492
-0.182838178508 1.60940207889 -3.02985681457
-0.186528026023 1.60898742769 -3.02777598601
-0.190278700988 1.60855436176 -3.02631879408
-0.194237756932 1.6080959341 -3.02629113021
-0.198188939671 1.60763829889 -3.02625756875
-0.202135849718 1.60718101927 -3.02622420932
-0.20608073184 1.60672384531 -3.02619843618
-0.210026970544 1.60626641278 -3.0261801921
-0.213976171621 1.6058085569 -3.02616580738
-0.217928967226 1.60535022347 -3.02615504877
-0.221885736343 1.60489138557 -3.02614769222
-0.225846697625 1.60443203001 -3.02614350649
-0.229811982931 1.6039721533 -3.02614236698
-0.233781741709 1.60351175665 -3.02614449939
-0.237755283176 1.6030509269 -3.02614427263
-0.241732415113 1.60258966993 -3.0261397808
-0.245714109125 1.60212787637 -3.02613833987
-0.249700295238 1.60166556801 -3.0261393074
-0.253690859963 1.60120277107 -3.02614222088
-0.257685562477 1.60073952469 -3.02614647056
-0.261683949081 1.60027588768 -3.02615113298
-0.265684999085 1.59981197808 -3.02615364749
-0.269685006713 1.59934821825 -3.0261488178
-0.273680909017 1.59888489471 -3.02613987402
-0.277671607144 1.59842213191 -3.02612384184
-0.281655375505 1.59796014531 -3.02609345853
-0.285607586009 1.59750301503 -3.02584431102
-0.289279712999 1.59707558697 -3.02359777462
-0.293054622459 1.59662439001 -3.02233241061
-0.297010474412 1.59615032372 -3.02230037739
-0.300959439486 1.59567696666 -3.02226699649
-0.304904207577 1.59520397433 -3.02223402371
-0.308847209487 1.59473106695 -3.02220917148
-0.312791783338 1.59425787129 -3.02219111825
-0.316739378444 1.59378423429 -3.02217688002
-0.320690603789 1.59331010174 -3.02216623472
-0.324645822886 1.59283544681 -3.0221589684
-0.328605244673 1.59236025623 -3.02215485376
-0.332568997344 1.59188452672 -3.02215378321
-0.336537226209 1.59140825959 -3.02215596697
-0.340992198327 1.5908680024 -3.01832330332
-0.344888548181 1.59037048593 -3.00951597637
-0.348773510308 1.58983567645 -2.99955678967
-0.352657180853 1.58926157829 -2.98959156574
-0.356538995808 1.58864817374 -2.97962104376
-0.360418082439 1.58799551032 -2.96964771836
-0.364291535991 1.58730402361 -2.95968539489
-0.368195088654 1.5865668112 -2.94964847056
-0.372049649042 1.58579898792 -2.93974357623
-0.375885958725 1.58499493279 -2.92992574695
-0.379527890421 1.58419678293 -2.92154147201
-0.383323459361 1.58332965726 -2.91192728784
-0.387170935954 1.58241102134 -2.90203287915
-0.390930587063 1.58147437252 -2.89233724697
-0.394757256772 1.58048124202 -2.88243954154
-0.398555813147 1.57945548483 -2.87275165526
-0.402353942109 1.57839014009 -2.86310087924
-0.406181570948 1.57727629874 -2.8533378767
-0.409962776519 1.57613580704 -2.84365910994
-0.413763121337 1.57494963571 -2.83415929331
-0.417514243916 1.57373975506 -2.82437178517
-0.421150901106 1.57252691057 -2.81456320915
-0.424883672975 1.57124051117 -2.8044093568
-0.428566433279 1.56992956521 -2.79433001419
-0.432272492558 1.56856786758 -2.7841275078
-0.435927260174 1.56718271028 -2.77401401534
-0.439564884746 1.56576186057 -2.76390654169
-0.443184334058 1.56430581293 -2.75381489444
-0.446792467593 1.5628111397 -2.74369700262
-0.450205755888 1.56135900445 -2.73484959684
-0.453817804889 1.55978271956 -2.72486299487
-0.457366620316 1.55819165057 -2.71490235774
-0.460898485935 1.55656580165 -2.70496288518
-0.464415748685 1.5549040295 -2.695032366
-0.467953049063 1.55318968788 -2.68498140304
-0.47140646143 1.55147315006 -2.6751226608
-0.474880996651 1.54970296229 -2.66515922805
-0.47834141794 1.54789630835 -2.65518998895
-0.481821814349 1.54603460648 -2.64511488047
-0.48525293891 1.54415476911 -2.63513326399
-0.488634865777 1.54225796793 -2.62524541903
-0.492069427462 1.54028629277 -2.61515193055
-0.495453886237 1.53829792745 -2.60515314573
-0.498821618463 1.53627383919 -2.59515120533
-0.50217060862 1.53421516582 -2.58515649619
-0.505498113408 1.53212364216 -2.57518386031
-0.508837195118 1.52997803886 -2.56512801686
-0.512138650083 1.52780901643 -2.55503061267
-0.51536030246 1.52564644115 -2.54546215478
-0.518592956757 1.52343079394 -2.53561250396
-0.521800614973 1.52118578215 -2.52579807414
-0.524985006386 1.51891024287 -2.51599778336
-0.528115643255 1.51662670399 -2.50628737828
-0.531286968927 1.51426544725 -2.49636189553
-0.534404124264 1.5118962823 -2.48651229274
-0.537528918005 1.50947210963 -2.47653899525
-0.54063318108 1.50701411707 -2.46656776986
-0.543669424439 1.50456074987 -2.45691123747
-0.54671586414 1.50204964465 -2.44716088095
-0.549675224852 1.49956088207 -2.43685031043
-0.552364283481 1.49724740005 -2.42441799265
-0.555012350366 1.49490975442 -2.41222647065
-0.557919673559 1.49228451957 -2.40181136812
-0.560795224804 1.48963457082 -2.39169841178
-0.563669903596 1.48693090641 -2.38148575549
-0.566457943652 1.48425518029 -2.37148294691
-0.56931417856 1.48145655449 -2.36103009514
-0.572022933644 1.47874876407 -2.35143393266
-0.574747528697 1.47597153264 -2.34139360288
-0.577440583777 1.47317106271 -2.3314007589
-0.580078080344 1.47037329823 -2.3215285921
-0.582688595899 1.4675488344 -2.31166361257
-0.585325052406 1.46463865231 -2.30159717385
-0.587934521119 1.46169931876 -2.29152609621
-0.590491443625 1.4587603615 -2.28154912117
-0.59302156874 1.45579291847 -2.27156612791
-0.595499748415 1.45282721515 -2.26167681116
-0.598000399253 1.44977310859 -2.25158123215
-0.600472870555 1.44669043281 -2.24147913977
-0.602892752008 1.44361038948 -2.23147097651
-0.605284286544 1.440502908 -2.22145732086
-0.607646958615 1.43736850197 -2.21144010033
-0.609979433886 1.43420882677 -2.2014288289
-0.612279732729 1.43102662081 -2.19143950947
-0.61456945465 1.427791234 -2.18138000906
-0.616808447545 1.42455919129 -2.17137678753
-0.618952955039 1.42139799659 -2.16221609817
-0.621113392338 1.41814857766 -2.15245257988
-0.623247709152 1.41486929007 -2.14262293433
-0.625349253153 1.4115699837 -2.13281211327
-0.62741907042 1.40824907962 -2.12300490122
-0.629457978464 1.40490517951 -2.1131908077
-0.631484947038 1.40150586118 -2.10326354087
-0.633459157415 1.39811937445 -2.09341398882
-0.635400392156 1.39471271721 -2.08354180903
-0.637308215881 1.3912864572 -2.07364535323
-0.639185847707 1.38783505523 -2.06376776962
-0.641040185681 1.38434442208 -2.05401080026
-0.642879616166 1.38079814099 -2.04414696156
-0.644663636682 1.37727420297 -2.03432324484
-0.646352808712 1.37385267174 -2.02359442272
-0.647977803499 1.37046574428 -2.01247245891
-0.649633800032 1.36691963353 -2.00240242141
-0.651267312955 1.36332713014 -1.99222923938
-0.652853012154 1.35974231039 -1.98203818463
-0.654358799041 1.35624543729 -1.97265777985
-0.655854189101 1.35268057364 -1.96282001639
-0.657321426581 1.34908325362 -1.95282645581
-0.658751614865 1.34547419275 -1.94284725136
-0.66014588679 1.34185066419 -1.93287409061
-0.661504857355 1.33821098019 -1.9228972516
-0.662828563461 1.3345548111 -1.91291468282
-0.664116921891 1.33088210996 -1.90292563333
-0.665382136103 1.32715600997 -1.89282990129
-0.666598980092 1.32345047387 -1.88282735833
-0.667768339202 1.31976619375 -1.8729181224
-0.668924907618 1.31599155886 -1.86280186223
-0.670033568991 1.31223879947 -1.85277930849
-0.671116262853 1.30843327552 -1.84265055814
-0.672151267505 1.30465097637 -1.83261791099
-0.673148905135 1.30085613375 -1.82258962929
-0.674108322788 1.29705208147 -1.81258235637
-0.675029174018 1.29324065472 -1.8026045088
-0.675919370441 1.28938763697 -1.79258290306
-0.676731050136 1.28571294562 -1.78380179793
-0.677509285564 1.28203880754 -1.77469873405
-0.678290549825 1.27816790307 -1.76475168685
-0.679033150641 1.27429044262 -1.7548266095
-0.679723938778 1.27048144352 -1.7451048153
-0.680391053427 1.26658551486 -1.73518195031
-0.681008022264 1.26275673729 -1.72544854663
-0.681599573705 1.25884091968 -1.7155096773
-0.68214731726 1.25495526462 -1.70565650451
-0.682652051083 1.25110160274 -1.69588262986
-0.683128276372 1.24716389488 -1.68588927211
-0.683565232679 1.24322072058 -1.67587285041
-0.683960448621 1.23930152792 -1.66599780838
-0.684318473984 1.2353575645 -1.65622652623
-0.684638140599 1.23140843166 -1.64644311403
-0.684918937457 1.22745727526 -1.63664570084
-0.68508960584 1.22473652952 -1.62985491975
-0.685296534364 1.22101888086 -1.62297751363
-0.685494915131 1.21714752167 -1.62177310533
-0.68569777504 1.21316187183 -1.62172099972
-0.68589612571 1.20928490309 -1.62240109387
-0.686096497691 1.20544169381 -1.62328516359
-0.686305118607 1.20146794874 -1.62322836793
-0.686513441078 1.19749749926 -1.62320929248
-0.686721698287 1.19352734821 -1.62321234909
-0.686998011471 1.18826496623 -1.62330257169
-0.687255502059 1.18336905018 -1.62337636355
-0.687517582814 1.1783900971 -1.62341455292
-0.687780127712 1.17340612572 -1.62345660219
-0.688040445432 1.16846792553 -1.62349236638
-0.68824850013 1.16452355425 -1.62352258984
-0.688538079517 1.15903808632 -1.62356941894
-0.68885463333 1.1530468796 -1.62361362158
-0.689172446508 1.14703714748 -1.62365725346
-0.689490836536 1.14102223717 -1.62370121107
-0.689809523416 1.13500642467 -1.62372192676
-0.690128131233 1.12899300286 -1.62370748641
-0.690603468521 1.11996763396 -1.62283843013
-0.690944523074 1.11333367549 -1.62179866337
-0.691298066326 1.10639679001 -1.6220304579
-0.691653660546 1.09952282296 -1.62266101587
-0.692015224059 1.09255632728 -1.62264542119
-0.692376804176 1.08558911168 -1.62266371579
-0.692742447153 1.078547004 -1.62269723926
-0.693105095676 1.07156764434 -1.62273851572
-0.693468338686 1.06458213572 -1.62277528233
-0.693828592382 1.05765904664 -1.62281420281
-0.694196836597 1.05058812352 -1.62285694648
-0.694562156659 1.04357963478 -1.62290044657
-0.694928123426 1.03656546095 -1.62294193735
-0.695290671342 1.02962142484 -1.62295184964
-0.695660265055 1.02254135324 -1.62292181948
-0.696027603255 1.01548431614 -1.62277767723
-0.696394194602 1.008428388 -1.62270218418
-0.696752596057 1.00153723203 -1.62325763625
-0.697117559144 0.994625945512 -1.6236167576
-0.697485791856 0.987659921594 -1.623609505
-0.697850459327 0.980761987284 -1.62363237011
-0.698223003381 0.973718848317 -1.62366781934
-0.698592503426 0.966738462803 -1.62370935621
-0.698962598372 0.959751880435 -1.62374580198
-0.699333372578 0.952757522558 -1.62378587901
-0.699704865551 0.945755302936 -1.62382869389
-0.700077079858 0.938745746977 -1.62387288811
-0.700453624983 0.931661263396 -1.62391015734
-0.700826570846 0.924648036624 -1.62391099303
-0.701199055062 0.917640151432 -1.62387410875
-0.701565092112 0.910731087334 -1.6236937817
-0.701938357753 0.903674714728 -1.62366466314
-0.702302649297 0.8968178216 -1.62444943158
-0.703802253811 0.868966636611 -1.62464473821
-0.705126230384 0.844431366911 -1.62478489692
-0.707021373556 0.809396450303 -1.62474090665
-0.707397742651 0.802413826474 -1.62463607956
-0.707770162803 0.795503003327 -1.62505455435
-0.708147031729 0.788613289408 -1.6255632649
-0.708528824577 0.781647496237 -1.62554936237
-0.708910664865 0.774680981552 -1.62557039216
-0.709292994419 0.767708956408 -1.62560462888
-0.709675974667 0.760729969359 -1.62564615596
-0.710059563406 0.753744834577 -1.62568267413
-0.710443837502 0.746752023902 -1.62572239833
-0.710828843136 0.739751335046 -1.62576499176
-0.71121458754 0.732743211231 -1.62580892454
-0.711600969451 0.725729829971 -1.6258482756
-0.71198753648 0.718717032005 -1.62585372435
-0.712373758111 0.7117089702 -1.62582030494
-0.712757278775 0.704728199292 -1.62564832461
-0.713140553854 0.697741297416 -1.6256022758
-0.713518492255 0.69086712862 -1.62626600182
-0.7139044923 0.683943534997 -1.62652943898
-0.714293022364 0.676978544434 -1.6265248105
-0.714681712162 0.67001164403 -1.62654958593
-0.715070943945 0.663038733111 -1.62658545882
-0.715460839434 0.656058913147 -1.62662682301
-0.715851349154 0.649072822898 -1.62666330556
-0.71624256707 0.64207889758 -1.6267036149
-0.716634528152 0.635077130876 -1.62674653999
-0.717027228243 0.62806812342 -1.62679086878
-0.71742051552 0.621054787157 -1.62682564166
-0.717813883801 0.614042923948 -1.6268231991
-0.718206659058 0.60703689154 -1.62678367575
-0.718596691947 0.600058881763 -1.62660906198
-0.718986324659 0.593076766705 -1.6265797426
-0.719365239342 0.586308521599 -1.62650621554
-0.719730360362 0.579501144984 -1.62074627738
-0.720040799403 0.572623700398 -1.61078514867
-0.72028288814 0.565739660289 -1.6008334517
-0.720456626093 0.558847107135 -1.59088035706
-0.720561873659 0.551945916967 -1.58092315545
-0.720598424301 0.545036442872 -1.5709609259
-0.720566093589 0.538119204666 -1.56099322719
-0.720464705001 0.531194960662 -1.55102048032
-0.720294114196 0.524264933984 -1.54104510699
-0.720054350732 0.517333851978 -1.53108812097
-0.71974588534 0.510408199203 -1.52117850757
-0.719371148965 0.503525678233 -1.51157700773
-0.718934561773 0.496680827356 -1.50219228435
-0.718426696479 0.489767524899 -1.49251588563
-0.717851092003 0.482851868697 -1.48289055799
-0.717211366873 0.475968759388 -1.47305532477
-0.716504839218 0.46910578588 -1.46309482408
-0.715730126905 0.462252797623 -1.4530766044
-0.714886609814 0.45540719467 -1.44301924825
-0.713973678932 0.448566334271 -1.43293960911
-0.712990868752 0.441728299088 -1.42285144544
-0.711938362759 0.434895449937 -1.41276974062
-0.710817180379 0.428073822745 -1.40272823297
-0.709630123055 0.421279648429 -1.39284197967
-0.708400956565 0.414612010634 -1.38384845458
-0.707085069674 0.407834306642 -1.3739707768
-0.70570219453 0.401068698255 -1.36412952104
-0.704251675792 0.394311442207 -1.35428628133
-0.702733180403 0.387561904348 -1.34443724114
-0.701146676199 0.380821014911 -1.3345780217
-0.699492820059 0.374092874093 -1.3247105681
-0.697773208594 0.367382294218 -1.3147661116
-0.695985585216 0.360684682458 -1.30481212894
-0.694141021614 0.354044011171 -1.29456855132
-0.692251347783 0.347510826623 -1.28374278666
-0.690258255651 0.340880022725 -1.27354135222
-0.688200043405 0.334280384561 -1.26335337465
-0.686083766822 0.327726318741 -1.25333136682
-0.683903346338 0.321197257842 -1.24335138656
-0.681656723239 0.314686788767 -1.23338049565
-0.679343122316 0.308192950476 -1.22340793917
-0.676962359746 0.301715699982 -1.21343168917
-0.674514380794 0.295255402114 -1.20345099507
-0.67199920336 0.288812602823 -1.1934655834
-0.669416932924 0.2823880582 -1.18347588551
-0.666767887473 0.275982983393 -1.17348454006
-0.664053896665 0.269601986615 -1.16351331589
-0.661267036758 0.263186881608 -1.15830428957
-0.658446993025 0.256748938699 -1.15811272352
-0.655637836627 0.25033188455 -1.15821783766
-0.652833582383 0.243924048986 -1.1582964685
-0.650080701628 0.237638115751 -1.15754888344
-0.647310191558 0.231328070448 -1.15699047504
-0.644504595748 0.224939731534 -1.1569633261
-0.641698664875 0.218551430567 -1.15690491036
-0.638889967162 0.212157916546 -1.15684286665
-0.63607792447 0.205757854553 -1.15678298822
-0.633266582123 0.199364147167 -1.15517127625
-0.630444587171 0.193015623852 -1.14858241091
-0.627576474474 0.186713203563 -1.13856061252
-0.624643725328 0.180436255153 -1.12855591166
-0.621648318755 0.174188423322 -1.11858161747
-0.618585079297 0.167961306272 -1.10855573341
-0.615472293498 0.161788117463 -1.09874500814
-0.612298694525 0.155644588971 -1.08893750427
-0.609066046619 0.14953436082 -1.07911888641
-0.605773587937 0.143456283458 -1.0692665079
-0.602412902633 0.137395684076 -1.05948849195
-0.599078807048 0.131524687747 -1.04849856168
-0.595664874519 0.125669260429 -1.03764764891
-0.592127496135 0.119741814684 -1.02756377563
-0.588530076101 0.113849726368 -1.01744296155
-0.584871521816 0.107991756517 -1.00730837181
-0.581154038637 0.102171384326 -0.997206811564
-0.577270237153 0.0962383355779 -0.983820504373
-0.573544053171 0.0907309179616 -0.966452321244
-0.569623808279 0.0851695962051 -0.946556063501
-0.565592588794 0.0796856675757 -0.926674975754
-0.561407232981 0.0742241537139 -0.906586467881
-0.557151499682 0.0688949380692 -0.886684460528
-0.552785708537 0.0636456812741 -0.866768965727
-0.548265959314 0.0584274287863 -0.846640527873
-0.543683522746 0.0533461249423 -0.826699485508
-0.538998390328 0.0483547163289 -0.806766872244
-0.534217839772 0.0434606061097 -0.786883919856
-0.529427310042 0.038745573918 -0.767591194557
-0.52441747406 0.0340044178417 -0.747593777724
-0.519370189389 0.0294143339206 -0.727815292773
-0.514181479254 0.0248808360837 -0.707802963743
-0.50895563886 0.0204954449067 -0.68793920819
-0.503650986278 0.0162214486091 -0.667958531141
-0.498404330943 0.0121679737628 -0.646730451486
-0.492988002466 0.00816477173353 -0.626142911856
-0.48742278544 0.00422186724817 -0.606069011659
-0.481839893001 0.000431666819693 -0.586191591907
-0.476197777459 -0.00323645574022 -0.566425482663
-0.470467259453 -0.00680454998483 -0.546790585693
-0.464570399888 -0.0103153000584 -0.526648940679
-0.458602540397 -0.0137075515631 -0.506520390868
-0.452562183065 -0.0169819454797 -0.486382870228
-0.446511590543 -0.0201066734226 -0.466432130766
-0.44039316496 -0.0231133242485 -0.446467776839
-0.434209026579 -0.0260004160867 -0.426489731717
-0.427961735524 -0.0287663472118 -0.406499871002
-0.421593910039 -0.0314339965505 -0.386319976916
-0.415241706765 -0.0339466049117 -0.366396316401
-0.408991717561 -0.0362780880591 -0.347372328746
-0.402559749787 -0.038537004019 -0.327583739247
-0.396081422665 -0.0406692542108 -0.307796137052
-0.389491604888 -0.0426939132067 -0.287802528546
-0.382856187551 -0.0445882399133 -0.267791929708
-0.37624587795 -0.0463338046346 -0.247950621701
-0.369666357099 -0.0479328997074 -0.228268441065
-0.362988395657 -0.049416563417 -0.208344279741
-0.356282601139 -0.0507667245325 -0.188380517869
-0.349521184762 -0.0519879980052 -0.168654918274
-0.342717296438 -0.0530789294954 -0.148735145608
-0.336045001327 -0.0540141750942 -0.12934171172
-0.329293607208 -0.0548258757293 -0.109431028509
-0.322530402495 -0.0555027666399 -0.0895021988808
-0.315753828205 -0.0560448026868 -0.069539922026
-0.308964257271 -0.0564516028738 -0.0495483200538
-0.302093634592 -0.0567248127813 -0.0293370056818
-0.295279832128 -0.0568585651575 -0.00930869328341
-0.288457679819 -0.0568558055752 0.010733934249
-0.281633613958 -0.0567162703633 0.030768205219
-0.274818138114 -0.0564404195143 0.050746274189
-0.268116269196 -0.0560364730481 0.0699137865752
-0.261334946117 -0.0554959563793 0.0897231960852
-0.254557837288 -0.054820326566 0.109563185106
-0.247857545844 -0.0540185236185 0.12920886364
-0.241032357735 -0.0530640404451 0.149263852996
-0.234287583739 -0.051983152003 0.169134668132
-0.227491092984 -0.0507542685758 0.189219801865
-0.220780609123 -0.0494018980802 0.20912175198
-0.214093352187 -0.0479151428079 0.229032602214
-0.20750646316 -0.0463132263937 0.248719250917
-0.200914223348 -0.0445714436689 0.268420932892
-0.193644893804 -0.0425015084792 0.285919891154
-0.186971995444 -0.0404986647888 0.296722059048
-0.180495636931 -0.0384828015097 0.307380146153
-0.174102906994 -0.0364137302024 0.318475828115
-0.165988653018 -0.0336932799383 0.327209581551
-0.159400398731 -0.0314490622456 0.328520331677
-0.152720883365 -0.0291718299977 0.328619146232
-0.146100642768 -0.0269140870044 0.328716380559
-0.139473267274 -0.0246532179241 0.328809105633
-0.132905477876 -0.022412040076 0.328892689249
-0.126202113341 -0.0201240294907 0.328958659077
-0.119565214598 -0.0178583503026 0.328982295464
-0.112930154161 -0.0155930355859 0.328945675517
-0.106305547222 -0.0133320713373 0.328786367782
-0.0997411975797 -0.0110929485725 0.328651538344
-0.0931154912203 -0.00883400233519 0.328513790198
-0.086429195685 -0.00655535980566 0.328414185863
-0.0799075737199 -0.00433155071365 0.329019925152
-0.0733610350292 -0.00209137464185 0.329911002145
-0.0667555775246 0.000170711015142 0.329970829462
-0.063320869554 0.00134715415166 0.330016192536
-0.0602693768761 0.00238560814809 0.323522629571
